304.70634959073203
197.37791868246416
197.37791868246416
53.75997261851792
-196.15587177564976
-438.6175970721413
-188.60556674101608
-404.35557353191416
-42.017863142013994
-246.25245092764672
-47.621339110698045
-280.5623140178389
-26.770874828867818
-517.1510335002954
-30.912097317460393
-581.0698162359922
-19.90489489081483
-865.5577126638176
-23.165085213329803
-974.9610925411696
-196.15587177564987
-188.60556674101608
-438.61759707214134
-404.35557353191416
40.95411977132199
175.44703882885594
175.4470388288558
435.1274142213328
10.956556718044254
109.65439926803663
27.570248958825914
169.9330034667284
6.205169662322078
187.978970173776
16.70924179322128
360.1657762573368
4.367794749319501
301.8106798901197
12.152175849610103
596.784206939288
-42.01786314201387
-47.6213391106973
-246.25245092764675
-280.56231401783884
10.956556718043826
27.57024895882502
109.65439926803674
169.9330034667285
2.2946464139031146
-6.421529974431905e-13
-1.0036416142611415e-12
-71.64311601554967
1.1295941507723626
-1.0373923942097463e-12
-1.0729195309977513e-12
-63.19901983017019
0.7344894702335978
4.2099657093785936e-13
-3.240074875066057e-12
-92.79088681870132
-26.77087482886849
-30.912097317460763
-517.151033500295
-581.0698162359921
6.2051696623219
16.709241793223647
187.97897017377426
360.1657762573365
1.129594150773074
-7.847056338050606e-13
-6.750155989720952e-13
-63.19901983016928
0.49810205452492085
-3.197442310920451e-13
-9.947598300641403e-13
-14.960790691973173
0.300089219293298
1.6413537196058314e-12
-2.0037305148434825e-12
-13.506701088727608
-19.904894890816465
-23.165085213329522
-865.5577126638104
-974.9610925411662
4.36779474932375
12.15217584961343
301.8106798901191
596.7842069392882
0.734489470233954
-1.3362644324388384e-12
1.609379296496627e-12
-92.79088681870218
0.3000892192931701
-1.7266188478970435e-12
-1.2789769243681803e-13
-13.506701088728548
0.16989473354090734
3.775646462145232e-12
5.826450433232822e-13
-6.779637131988245
-196.15587177565328
13.15852791216443
-153.51615897524923
1.8615508986966023
3791.9883992603245
1365.9805165961047
4042.1744553034373
1331.6946973772394
-2240.8690107449625
-5061.855935734969
-2535.6274421219377
-5594.156563613586
-441.4696161576344
-1614.3406105226568
-509.8597279906212
-1795.9775668234051
-274.4569477837904
-2889.6691085963807
-319.43279547028396
-3247.688477419433
88.60982277795391
-21.930879853607074
228.08115047751267
-16.753958088269215
-1140.3266504168623
-491.25170872079707
-2825.3239217118553
-1187.8243861394722
339.5114258099196
1327.7581259941041
1404.6206382430055
3487.0558556009582
102.19350327513928
731.0293284535694
275.39868519202196
1187.35518555433
60.193741127568046
1037.131245440588
167.52475495774888
2009.3711818709407
31.380429435172775
9.205969320191798e-13
109.65439926803583
49.94275125360148
-157.145288517729
-102.76183702833578
-216.1758156998501
-210.35525155271273
70.78958859669797
144.11721046656646
280.7152621261698
180.36781938867898
18.57038048033038
-3.325340003357269e-12
-8.631317882645817e-12
-334.52311409433986
10.114063467013523
-1.8474111129762605e-12
-1.1787903986260062e-11
-332.2034592615299
19.821084807073902
1.7076340341759533e-12
187.97897017377386
97.56299614787602
-88.48825210701511
-61.82419463492778
-500.2329261846558
-377.5909057580616
34.740507701300075
75.60931911433705
317.6844595936827
464.96982549279556
8.17578111871859
-3.19033688356285e-12
-2.6147972675971687e-12
-144.66027225948415
4.12883328483143
-8.242295734817162e-13
-2.261746345766369e-12
-56.81702010103303
14.682881980194976
1.8999801731922616e-12
301.8106798901191
174.38138483503954
-62.104653544260714
-44.8111484454579
-736.1370398653792
-568.1027384978762
22.545066027297377
51.07711411791819
417.73104483062264
665.9720405470837
4.919690988472976
-1.5845103007450234e-12
5.400124791776761e-13
-156.3576118789577
2.335820460277411
-1.1226575225009583e-12
3.694822225952521e-13
-33.97068517153752
-42.01786314200782
11.905334777672405
-32.58302149678768
2.3934225840384094
-2240.869010744921
-35.92486985543886
-2452.0812331557495
-51.32561763549708
22360.36042098231
10329.06465555377
25424.53547149833
11585.246143475624
-10686.141606480804
-25226.544101631065
-12564.860528154924
-28975.180413865164
-1923.6980594682527
-5103.0856977401
-2238.9741339772954
-5574.121264781641
31.380429435170434
-13.15852791216395
50.127725379673464
-20.68980855979868
452.97738534950213
-62.65965672459106
1529.9399516921453
-5.761943257866392
-5375.845407943831
-2448.948250319484
-14427.461911936269
-6831.196350072174
1449.7966684463331
5710.003627339079
6100.772032003317
15848.81990976624
421.8560728891663
2437.7016452663133
1174.1455675468246
3911.274652222869
11.047734721243955
1.7885692926711272e-13
-4.796163466380676e-14
5.371904021952849
119.41785697081198
9.734435479913373e-13
280.7152621261766
81.65243458922357
-554.0330055644569
-354.6536570611996
-145.99700016831753
-363.40535834079105
263.3508718925314
523.834730217592
741.2637390519297
126.15835203073638
70.86985641147457
-8.462563982902793e-12
2.0975221559638157e-11
-1030.4731230435084
6.9649863556676
1.2761458556553862e-12
-6.683542608243442e-13
8.608723135604938
67.15935328404235
1.886490963443066e-12
317.6844595936832
83.83564122143636
-271.7112170319605
-185.89031494961867
-821.0503686145588
-628.1938010556064
115.90215502140944
242.2840060017469
609.0518633630282
795.9385383492736
28.92563704128443
-6.764366844436154e-12
2.9558577807620168e-12
-320.3966517234257
5.155241140608814
-2.524647157997606e-13
-6.847855615887966e-13
19.02281678409441
47.104797529375276
1.4672707493446069e-12
417.73104483062093
119.6960726792299
-176.2527038087537
-125.50919119682835
-1051.1821987667267
-807.4299540661829
69.72433171108561
151.14268712960973
652.704757547838
980.9227741486244
16.361563243486675
-1.1510792319313623e-12
2.4442670110147446e-12
-266.15590613048636
-26.77087482887416
8.981217463858144
-20.886552241530573
1.8615508986965525
-441.46961615755765
38.35530502535485
-472.64368945107856
30.373096697779197
-10686.141606480842
-88.38809153124566
-12436.035779364558
-187.99060509149558
79119.08240562688
41750.87418060539
91710.55337181414
48346.00778680628
-33103.913060611856
-80921.87038254554
-39491.06435756565
-94276.93594589256
19.82108480707371
-9.398948508688473
31.747559407126488
-16.04479584114643
152.73743070638955
-40.93764239339962
331.2227430011483
-47.72178403420392
1624.756417246927
-348.9003613073851
6294.00915518899
-150.75090855852318
-17511.49892892442
-8683.278829421935
-48675.41913600499
-25567.904386063638
4267.0688705909015
17145.561869549878
18214.75676500083
49033.843399988225
6.964986355667523
8.704148513061227e-14
5.3290705182007514e-14
0.909247309703467
40.23206366516351
7.920331057675867e-13
-4.689582056016661e-13
21.669741846731892
338.33362137849156
4.888534022029489e-12
741.263739051926
293.1139898742546
-1532.829649231344
-990.022576248562
335.22916347650715
-551.0060481757607
716.8065989922266
1437.4125252621454
1754.4703882886008
-170.71516770981776
4.388363524455478
6.274980535181385e-13
2.4158453015843406e-13
0.2051505072030615
22.616903241940882
1.1071144001562061e-12
-1.2718714970105793e-12
11.576459690986995
165.89065467871495
3.055333763768431e-12
609.0518633630268
176.0489079510944
-674.5305815389621
-457.8332251343421
-1427.5958457085999
-1126.9933283416437
292.548198879864
606.9632081388688
1174.8685635860868
1419.7680886609278
3.247256999539851
-3.930189507173054e-14
-3.907985046680551e-13
3.396534117575392
15.859935021218105
1.6993073614912646e-12
-5.115907697472721e-13
15.679009340087031
107.5944072090429
1.787014980436652e-12
652.7047575478364
189.03965878007142
-405.74866744408126
-285.57613246600454
-1621.726854906299
-1245.533765289446
165.4689788135475
353.36248837715056
1069.3914747663787
1542.5234464479008
-19.904894890824558
7.120415536885443
-15.569975307322796
1.4908524513370636
-274.45694778365487
37.36209834533878
-293.8781718325166
31.676120337160647
-1923.6980594683978
357.0680256524563
-2182.291244509681
366.4614508917465
-33103.91306061193
232.2093160970776
-39317.68140154657
-116.87338787058252
208753.93330480173
119068.04272717892
243954.69415657068
139495.70822347782
14.68288198019526
-7.310293284535522
23.544840708634457
-12.837448405296964
94.90004231816792
-30.760195119344917
205.85669041408062
-41.86474856592455
498.838362361471
-227.74375232592
1259.1699017486233
-316.2051557005667
4502.544108976643
-1315.8527912164327
18474.83119902965
-952.2464594875727
-44483.91238714238
-23531.834082920206
-125779.84252683386
-70795.14148472043
5.15524114060854
2.6645352591003757e-15
1.021405182655144e-13
-0.1208799284868558
24.988192548720228
-2.9309887850104133e-13
8.881784197001252e-15
12.09799975850982
103.86226618529723
1.6360246490876307e-12
5.615508058554042e-12
105.79820473229476
817.7245583003885
5.065281527549814e-12
1754.4703882885824
866.6897245829855
-3552.832051636451
-2339.7115820962804
1678.6522036516171
-677.5658305788612
3.247256999540196
8.549827512638331e-13
-9.325873406851315e-14
-1.521552115714588
14.044919339302256
6.461498003318411e-13
-1.1723955140041653e-13
3.1319856635841
50.92057689049866
1.588063014423824e-12
-2.0605739337042905e-13
35.24715252781673
359.826838418638
3.0018210139814983e-12
1174.8685635860868
374.1308174314396
-1449.9694873048363
-987.9339210243836
-2470.252533605792
-2023.1238014001638
2.4025975973700895
4.2799097599299785e-13
5.879741138414829e-13
-0.24060861956001034
9.848006865174783
-4.0034642267983145e-13
1.0658141036401503e-13
3.837836425929421
33.02439646258868
1.6786572132332367e-12
1.6768808563938364e-12
30.475822497813553
216.4376451308019
3.0588864774472313e-12
1069.3914747663766
322.3848001894557
-820.1025771139264
-575.1396976326719
-2565.3433096291424
-1989.191645326063
-196.15587177565328
-153.51615897524923
13.15852791216443
1.8615508986966014
88.60982277795391
228.0811504775126
-21.93087985360704
-16.753958088269222
31.380429435172204
109.6543992680358
1.1084466677857563e-12
49.94275125360147
19.821084807073703
187.97897017377514
1.8616219676914625e-12
97.56299614787623
14.682881980193997
301.8106798901191
1.4779288903810084e-12
174.38138483504017
3791.9883992603236
4042.1744553034378
1365.9805165961047
1331.6946973772392
-1140.3266504168625
-2825.323921711856
-491.251708720797
-1187.8243861394722
-157.14528851772877
-216.17581569984952
-102.76183702833492
-210.35525155271267
-88.48825210701489
-500.23292618465894
-61.82419463492715
-377.5909057580611
-62.10465354426378
-736.1370398653776
-44.81114844545664
-568.1027384978753
-2240.869010744962
-2535.6274421219387
-5061.8559357349695
-5594.1565636135865
339.5114258099203
1404.6206382430073
1327.7581259941044
3487.0558556009587
70.7895885966991
280.7152621261698
144.11721046656527
180.36781938867892
34.740507701300885
317.6844595936858
75.60931911433727
464.969825492793
22.545066027297253
417.7310448306225
51.07711411791752
665.9720405470848
-441.4696161576358
-509.8597279906253
-1614.3406105226563
-1795.9775668234038
102.1935032751398
275.3986851920218
731.0293284535687
1187.35518555433
18.57038048033114
-8.409273277720786e-12
-3.177902385687048e-12
-334.5231140943397
8.175781118719215
-1.3073986337985843e-12
-3.154809746774845e-12
-144.6602722594846
4.919690988473519
2.1316282072803006e-13
-1.1368683772161603e-12
-156.35761187895739
-274.45694778379186
-319.4327954702791
-2889.669108596382
-3247.6884774194327
60.19374112756611
167.5247549577502
1037.1312454405877
2009.371181870941
10.114063467014095
-1.1116441100966767e-11
-1.0658141036401503e-12
-332.203459261528
4.12883328483359
-8.242295734817162e-13
5.115907697472721e-13
-56.817020101033904
2.3358204602770627
-2.4780177909633494e-12
9.663381206337363e-13
-33.97068517153768
40.954119771323334
-21.93087985360716
-21.930879853607173
-1.86155089869653
-1140.3266504168644
-403.5281893063693
153.51615897525528
103.9809144843376
452.9773853495203
1450.5710531742952
-350.8940776577143
-145.82148706456957
152.73743070641638
731.0293284535658
1.517719283583574e-11
533.9911134213404
94.90004231821104
1037.1312454405854
2.2282620193436742e-11
633.4486389919874
-1140.3266504168646
153.5161589752551
-403.52818930636926
103.98091448433763
9105.634496549945
4858.003185857626
4858.003185857627
2225.6045814008585
-4285.406006008259
-9550.793743484772
-2469.8348025611
-5564.437193795216
-681.733785482732
-1239.8827043815236
-476.365293305078
-1084.487978144447
-401.36907693923604
-2408.863597192455
-289.61906789299974
-1877.6941341922993
452.97738534952003
-350.89407765771386
1450.5710531742957
-145.82148706456962
-4285.4060060082575
-2469.834802561099
-9550.79374348477
-5564.437193795215
1020.4760312016997
3882.810061700682
3882.810061700685
9316.762050708225
267.5744372571414
1235.4395650865335
582.4310031425343
1237.6857503181627
145.68555249303108
1435.4757722361246
330.0805553192349
2202.7634814663547
152.737430706416
1.4905410239407502e-11
731.0293284535662
533.99111342134
-681.7337854827324
-476.36529330507744
-1239.8827043815263
-1084.4879781444474
267.57443725714
582.4310031425354
1235.4395650865345
1237.68575031816
62.954950521173146
-1.836042429204099e-11
-1.9042545318370685e-11
-898.8765793309535
31.78672124515731
-5.172751116333529e-12
-1.7905676941154525e-11
-577.7580480780963
94.90004231821031
2.3743673693843448e-11
1037.131245440586
633.4486389919875
-401.3690769392393
-289.6190678929943
-2408.8635971924587
-1877.694134192302
145.68555249302813
330.0805553192275
1435.4757722361242
2202.763481466358
31.786721245155945
-1.8957280190079473e-11
-4.263256414560601e-12
-577.7580480780957
15.090285022252544
-2.0179413695586845e-12
-3.979039320256561e-12
-153.41326503290003
10.956556718042563
-13.158527912164224
2.3148150063434514e-14
-0.6914331909444298
339.5114258099031
-62.65965672459111
-350.8940776577193
-61.43117965698719
-5375.84540794384
-2291.0459153735046
644.7678676960737
698.3233468681881
1624.7564172469097
5902.995370050821
-1776.4012681421934
-731.6242174236448
498.83836236141724
2437.701645266311
-4.433786671143025e-11
2175.3198589152807
-157.14528851772363
192.3651461444973
-65.16604299357577
81.53592936290913
-4285.406006008191
46.99474254342772
-2260.9692801457377
59.45565625428111
30008.68618630292
16158.387459516474
19270.939450098656
9665.712458931972
-13790.983196958106
-30962.571204584783
-9014.665159405662
-20629.863175260398
-2109.6731312290503
-3347.143026608237
-1522.3404599918035
-2952.492253289831
119.4178569708098
-210.53644659463166
196.75132211521876
-245.59554979007646
1290.6330777245355
-391.6228545286928
4175.221793082078
-129.00421091849887
-11415.85274352457
-6171.976187372575
-26917.620152371594
-15124.697946502029
2845.4825217256384
10714.326605536338
10959.590231577731
26640.656828294657
765.6906608594065
3373.9815159395434
1734.9012954959921
3572.5232202197876
40.232063665163494
2.027711332175386e-12
-2.5437429940211587e-12
126.226044790667
387.9171216173248
1.4011902749189176e-11
1235.4395650865379
478.3771364181146
-1569.3267241033004
-1073.6827118633623
-1614.1697205496912
-1703.3996589262915
669.3811980232152
1399.323049083595
2368.535024189559
1719.5075903446648
167.05011015687728
-3.205968823749572e-11
2.7625901566352695e-11
-2084.6264381085084
24.98819254872074
2.0969892489119957e-12
-4.742872761198669e-13
85.89578942974543
228.3196029469444
1.6129320101754274e-11
1435.4757722361255
440.8880641499619
-854.2829687276609
-608.3420127065568
-3401.672994537275
-2663.4543496319884
337.9385345332249
732.5658776116145
2242.9308941189183
3205.3037479210134
79.29889250410471
-2.5773161382858234e-11
9.549694368615746e-12
-1000.8166004810363
6.205169662321788
-9.398948508688731
-1.5987211554602254e-14
-0.44322640445155637
102.19350327511333
-40.9376423933997
9.734435479913373e-13
-18.83309285824179
1449.796668446359
-348.90036130738235
-1776.4012681421787
-519.1383796442025
-17511.498928924448
-8455.197678944427
1907.9865472639012
2509.305522250731
4502.544108976617
17408.73242779316
-5614.305242523471
-2478.044331840086
-88.48825210702074
149.33884852694496
-36.76033194509397
60.51939962497171
-681.7337854826637
226.65706737013488
-383.3251969563869
117.9675280764464
-13790.983196958172
-233.8169190546614
-8692.603287429658
-32.588856781830145
84129.70366084417
47925.86942416536
58645.24531719085
32244.46593413857
-36252.04111077644
-82945.56748413463
-25149.042964360182
-58773.24305392514
67.15935328404251
-150.38317613902302
110.6987268801119
-194.24713765378615
387.91712161729004
-255.86026495875234
712.6871380305668
-287.9174931077422
3262.053352203224
-893.1849249468873
11410.47685234426
-155.02075957089346
-28423.3395454781
-15532.28457441465
-69592.81920853857
-40146.8079430242
6910.733953926061
26139.52013027619
26937.38642590182
66875.09083939457
22.61690324194177
5.897504706808832e-13
-9.308109838457312e-13
67.04614827164988
116.56214628161813
2.361444373377708e-12
-8.895995051716454e-12
144.5546654140237
854.9445679632163
2.603428583825007e-11
2368.5350241895476
967.0182950397107
-3476.243658964095
-2359.4968434015655
-2022.9385356910796
-2752.947386726133
1507.6491677374206
3128.008039241356
4568.933302834781
2468.6727133624095
14.044919339302215
-2.3447910280083306e-13
-1.1084466677857563e-12
26.333493168216677
68.59643462917349
2.2728485760126205e-12
-3.325340003357269e-12
73.19708150243238
465.35677317020657
2.4300561562995426e-11
2242.9308941189056
692.0551956636469
-1754.888338101877
-1235.1401424846385
-5183.415669780659
-4084.048824291287
715.6579661877121
1528.3084636605831
3674.817976924416
4986.873911706814
4.367794749322604
-7.3102932845357
-1.5987211554602254e-14
-0.3304051378638872
60.19374112752405
-30.760195119344946
1.687538997430238e-13
-11.199680348568299
421.8560728892203
-227.74375232591825
-9.827694213981886e-12
-175.8088838059113
4267.068870590946
-1315.8527912164288
-5614.305242523434
-2077.728340209321
-44483.91238714243
-23233.574116911142
4574.7815374627135
6620.2686172590875
-62.10465354427002
119.52804214585095
-25.823373680437882
47.7153371046855
-401.3690769391285
196.63593486856888
-225.7325087988899
99.4524069919965
-2109.6731312291713
546.9925124406211
-1380.6332363224512
370.7729589871939
-36252.04111077658
-724.552607072887
-24715.5855743126
-180.90881345839625
198746.41548787444
118912.54590227443
144270.68006727684
84533.47040140582
47.1047975293767
-116.9646925525741
77.6599987889636
-156.40442886713134
228.31960294689225
-192.25121949591022
419.521738050768
-243.23884282387715
948.9818262695946
-583.0240059543569
1933.2914086333446
-651.0324621424161
7471.3892834159
-2223.791217155753
27544.22677196866
-527.1678699165955
-62848.456454600004
-35309.9451850285
-157471.94587451115
-94061.04183400591
15.85993502121853
2.1316282072803006e-13
-7.7982065249671e-13
45.609340128383145
68.59643462917316
8.597567102697212e-13
-3.936406756110955e-12
86.96976888432988
248.69799293047922
5.8619775700208265e-12
-4.973799150320701e-13
321.3974135518904
1757.395632691963
3.318412211683608e-11
4568.933302834765
2060.30911587937
-7081.6194014114835
-4825.0593966405595
-2282.9950988726778
-4404.616023010368
9.848006865175233
-1.2079226507921703e-13
-7.815970093361102e-14
10.576777717856885
40.365902972279045
5.702105454474804e-13
-8.526512829121202e-13
27.7038102572303
135.362917504374
4.163780431554187e-12
2.2737367544323206e-12
132.43263978275218
887.1479250120707
2.9245050825466024e-11
3674.817976924417
1180.6529897148591
-3361.4761827301004
-2357.414030569757
-8105.125917993931
-6479.596998217446
-42.017863142007826
-32.58302149678767
11.905334777672412
2.393422584038409
31.38042943517045
50.12772537967346
-13.158527912163937
-20.68980855979867
11.047734721244087
-2.0516921495072893e-13
2.842170943040401e-14
5.371904021952906
6.964986355667278
-3.552713678800501e-13
5.115907697472721e-13
8.608723135604691
5.155241140609036
-9.379164112033322e-13
0.0
19.022816784095
-2240.869010744921
-2452.08123315575
-35.92486985543888
-51.32561763549703
452.9773853495019
1529.9399516921453
-62.659656724590924
-5.7619432578664105
119.41785697081303
280.7152621261764
2.1458390619955026e-12
81.65243458922372
67.15935328404203
317.6844595936862
1.8758328224066645e-12
83.83564122143602
47.10479752937454
417.7310448306221
3.979039320256561e-13
119.6960726792305
22360.360420982306
25424.53547149833
10329.064655553771
11585.246143475622
-5375.845407943831
-14427.461911936272
-2448.948250319484
-6831.196350072174
-554.0330055644549
-145.99700016831946
-354.65365706119724
-363.40535834079117
-271.7112170319615
-821.0503686145585
-185.8903149496191
-628.193801055606
-176.2527038087428
-1051.1821987667254
-125.50919119682567
-807.4299540661805
-10686.141606480802
-12564.860528154932
-25226.54410163106
-28975.180413865164
1449.796668446333
6100.772032003317
5710.003627339078
15848.819909766244
263.35087189253227
741.2637390519297
523.8347302175946
126.15835203073698
115.90215502141018
609.051863363031
242.28400600174245
795.9385383492754
69.72433171108423
652.7047575478382
151.14268712960347
980.9227741486254
-1923.6980594682482
-2238.974133977299
-5103.085697740098
-5574.121264781637
421.8560728891641
1174.1455675468255
2437.701645266314
3911.2746522228663
70.86985641147658
2.34052777159377e-11
-6.977529665164184e-12
-1030.4731230435073
28.92563704128446
3.069544618483633e-12
-3.524291969370097e-12
-320.396651723424
16.361563243489456
2.6645352591003757e-12
-2.9274360713316128e-12
-266.15590613048477
10.956556718042563
2.3314683517128287e-14
-13.158527912164223
-0.6914331909444298
-157.14528851772366
-65.16604299357576
192.36514614449734
81.53592936290912
119.41785697080974
196.75132211521873
-210.53644659463222
-245.5955497900764
40.23206366516379
-2.6147972675971687e-12
2.3163693185779266e-12
126.226044790667
24.988192548721173
2.5579538487363607e-13
2.7284841053187847e-12
85.89578942974546
339.5114258099029
-350.8940776577191
-62.659656724591045
-61.4311796569872
-4285.406006008192
-2260.9692801457377
46.99474254342799
59.455656254281095
1290.6330777245348
4175.221793082079
-391.62285452869327
-129.00421091849896
387.9171216173263
1235.4395650865376
1.446665010007564e-11
478.37713641811564
228.31960294694454
1435.4757722361262
1.5234036254696548e-11
440.8880641499613
-5375.845407943841
644.7678676960733
-2291.045915373505
698.3233468681882
30008.68618630292
19270.93945009866
16158.387459516476
9665.712458931968
-11415.85274352458
-26917.620152371594
-6171.976187372568
-15124.697946502027
-1569.3267241033036
-1614.1697205496857
-1073.6827118633614
-1703.3996589262933
-854.282968727659
-3401.6729945372726
-608.342012706562
-2663.4543496319848
1624.7564172469095
-1776.401268142192
5902.995370050822
-731.6242174236436
-13790.9831969581
-9014.665159405668
-30962.571204584783
-20629.863175260394
2845.4825217256325
10959.590231577731
10714.326605536346
26640.65682829466
669.3811980232158
2368.5350241895576
1399.3230490835958
1719.5075903446668
337.93853453322754
2242.93089411892
732.5658776116161
3205.3037479210097
498.8383623614192
-4.779110440722434e-11
2437.701645266312
2175.319858915282
-2109.6731312290485
-1522.3404599918033
-3347.143026608238
-2952.492253289831
765.6906608594027
1734.9012954959924
3373.9815159395434
3572.523220219784
167.05011015687825
2.7057467377744615e-11
-3.1604940886609256e-11
-2084.6264381085084
79.29889250410451
8.952838470577262e-12
-2.5693225325085223e-11
-1000.8166004810352
2.2946464139035117
6.394884621840902e-14
6.261657858885883e-14
-0.15956150560256288
70.78958859669464
5.240252676230739e-13
-210.53644659463114
-29.26054086073716
-554.0330055644489
-286.98122779863445
1064.587567750806
623.9418975393103
338.3336213784869
606.5454770940461
-1065.840760885301
-1233.3007165265458
103.8622661852966
-3.835154416265141e-12
-6.59383658785373e-12
613.7587244047477
70.7895885966947
-210.53644659463117
5.417888360170764e-13
-29.260540860737173
1020.4760312016429
-391.6228545286974
-391.6228545286972
-131.38496989100176
-11415.852743524494
-5796.018247024975
554.9556930574058
580.7436323019531
3262.053352203151
11173.830754849949
-1566.4914181147865
-795.9075434957549
948.9818262695253
3373.9815159395694
-1.864464138634503e-11
1615.9941721743621
-554.033005564449
1064.5875677508068
-286.98122779863434
623.94189753931
-11415.852743524494
554.9556930574045
-5796.018247024975
580.7436323019525
62659.75522328806
38186.78852431689
38186.788524316886
21889.849377589475
-25213.146869105836
-58726.44872687038
-15205.66563649457
-36870.207667288865
-3550.615437898282
-4140.703479157208
-2528.461748044976
-4179.814062584304
338.3336213784871
-1065.840760885301
606.5454770940454
-1233.3007165265458
3262.0533522031556
-1566.4914181147867
11173.830754849949
-795.9075434957535
-25213.146869105833
-15205.665636494563
-58726.44872687039
-36870.207667288865
5628.235144754428
21455.455185451636
21455.45518545164
53146.479564832895
1404.514618075599
5271.846118655558
3044.680919983652
4561.182195638017
103.862266185299
-5.051958851254312e-12
-3.382183422218077e-12
613.7587244047478
948.9818262695263
-2.2794210963184014e-11
3373.9815159395703
1615.9941721743608
-3550.615437898283
-2528.461748044974
-4140.703479157201
-4179.814062584311
1404.5146180755999
3044.680919983644
5271.84611865556
4561.182195638013
329.56720869018545
5.206857167650014e-11
5.1159076974727213e-11
-3857.160499148304
1.1295941507736913
3.597122599785507e-14
2.3647750424515834e-14
-0.0835798362680087
18.570380480330744
2.0183854587685346e-13
1.0160761121369433e-12
-6.335719985087662
263.3508718925282
2.6716406864579767e-12
-1065.8407608852988
-233.23019728131482
-1532.829649231339
-892.2735117581897
3651.1781973419343
2446.5543337746094
817.724558300383
1550.1999073664026
-3368.583145514048
-4003.643414141705
34.74050770129929
-150.38317613902237
2.1582735598713043e-13
-19.995842646543746
267.574437257105
-255.8602649587515
3.922195901395753e-12
-54.44009858659923
2845.482521725628
-893.1849249469049
-1566.49141811478
-538.3353520820514
-28423.339545478026
-14989.234216134762
2093.8768622132743
2196.4087572081544
7471.389283415789
26766.116697522008
-4527.16019835171
-2746.2648963205056
-271.7112170319688
841.1014587664351
-140.77536210791686
470.0713422207465
-1569.3267241032113
1045.7137196343638
-906.210538435746
643.3901349225154
-25213.146869105927
165.82607941509013
-14625.954266937755
613.3012704232469
134357.09384838564
82064.87187543616
88835.59102507323
52018.55252812592
-53535.197309581185
-125380.24865510542
-34527.117207015224
-84276.1651714198
165.89065467871512
-761.3148292037858
297.42450391939224
-975.4917244323461
854.944567963165
-1023.4410598349921
1604.0112610505143
-1207.2045526955478
6270.56988685447
-2358.566442437911
22163.991303799052
-799.7587949235767
-48829.6050845435
-28783.743038072294
-117314.18591669004
-72766.51842324689
11057.359639040109
42131.06055233298
42661.28445396497
106659.15119172567
50.920576890499404
-2.8563817977556027e-12
-1.0800249583553523e-12
356.0856137481018
248.69799293047987
-3.7410075037769275e-12
-1.3073986337985843e-11
550.7940433780687
1687.1419045995979
-2.864908310584724e-11
5271.846118655538
2420.975998720667
-6362.234623078375
-4477.948267954725
-5297.9177940060445
-6077.811475671592
2594.5437248692497
5540.752445475637
8637.392680805247
6243.762644646136
0.7344894702340108
1.1324274851176597e-14
1.532107773982716e-14
-0.0564106332938351
10.114063467015658
1.2523315717771766e-13
3.8546943414985435e-13
-2.9897989872629482
70.86985641147588
9.805489753489383e-13
-8.029132914089132e-13
-54.40601015157631
716.8065989922221
2.772893026303791e-12
-3368.583145514034
-897.1334822537517
-3552.8320516364392
-2211.8858823781006
9486.045431535906
6827.373523549409
22.54506602729846
-116.96469255257327
1.2256862191861728e-13
-15.296491521942919
145.68555249297637
-192.25121949590852
1.9397816686250735e-12
-36.61510595735635
765.6906608594693
-583.0240059543613
-1.163513729807164e-13
-195.8234119212576
6910.733953926048
-2223.7912171557664
-4527.160198351717
-1707.502327345638
-62848.45645459976
-34599.802408816315
5596.133942072912
5944.814630136471
-176.2527038087668
677.0091092470655
-91.3311966197843
372.5116462867909
-854.2829687275287
874.7273472772372
-493.3462063372059
518.3083508862719
-3550.6154378984384
1592.5236573176176
-2273.388745440063
1113.0902768744586
-53535.197309581396
-297.76379225659275
-33746.893904929195
861.5517259575511
272090.6247296931
169446.900298323
189091.95681519023
114335.72510206256
107.59440720904416
-592.1337560473903
192.9157916126802
-785.4607750996483
465.35677317013756
-769.0048779836219
873.1163076183511
-995.6406333512975
1687.1419045996872
-1539.5477657232066
3356.4368120566155
-1789.4904003488741
11921.866633113572
-4263.363043541254
43614.89071207023
-1285.5766363691805
-92249.92484556971
-54501.84497259381
-226752.44449120818
-141860.98845792416
33.024396462588896
-9.094947017729282e-13
-1.9184653865522705e-13
253.67489853995602
135.3629175043747
-1.9966250874858815e-12
-4.073186232744774e-12
349.70502622004176
453.9232147607422
-4.121147867408581e-12
2.376054908381775e-11
829.783430572615
2974.9268022615515
-7.040767968646833e-11
8637.392680805255
4083.005694346825
-11272.185893406104
-7905.2386918460015
-6779.034334385141
-9015.826241954825
-26.77087482887415
-20.886552241530573
8.981217463858142
1.8615508986965446
19.821084807073664
31.747559407126502
-9.398948508688505
-16.04479584114639
6.964986355667458
5.329070518200751e-15
-1.5631940186722204e-13
0.9092473097034333
4.388363524455642
4.263256414560601e-14
6.110667527536862e-13
0.2051505072035127
3.2472569995402836
-2.540190280342358e-13
3.069544618483633e-12
3.3965341175753494
-441.4696161575577
-472.64368945107867
38.35530502535485
30.373096697779175
152.7374307063894
331.2227430011484
-40.93764239339963
-47.72178403420392
40.232063665163366
-4.902744876744691e-13
5.115907697472721e-13
21.669741846731934
22.616903241941372
-1.3642420526593924e-12
5.400124791776761e-13
11.576459690987264
15.859935021216131
-3.623767952376511e-13
1.6484591469634324e-12
15.679009340086758
-10686.141606480838
-12436.035779364556
-88.38809153124583
-187.99060509149535
1624.7564172469265
6294.009155188991
-348.9003613073854
-150.75090855852386
338.3336213784914
741.263739051927
4.931166586175095e-12
293.113989874254
165.89065467871478
609.0518633630325
3.858247055177344e-12
176.04890795109506
107.59440720904195
652.7047575478375
6.650680006714538e-12
189.03965878007313
79119.08240562686
91710.55337181415
41750.874180605395
48346.00778680628
-17511.498928924415
-48675.41913600499
-8683.278829421937
-25567.904386063634
-1532.8296492313407
335.22916347650835
-990.0225762485618
-551.0060481757614
-674.5305815389675
-1427.5958457085926
-457.83322513434723
-1126.9933283416485
-405.74866744407154
-1621.726854906304
-285.57613246600704
-1245.5337652894452
-33103.91306061186
-39491.06435756566
-80921.87038254554
-94276.93594589255
4267.068870590898
18214.756765000835
17145.561869549885
49033.84339998822
716.8065989922281
1754.4703882885988
1437.4125252621443
-170.71516770982043
292.5481988798647
1174.8685635861004
606.9632081388754
1419.7680886609269
165.46897881354562
1069.3914747663775
353.3624883771445
1542.5234464479067
6.205169662321789
-6.494804694057166e-15
-9.39894850868873
-0.4432264044515566
-88.48825210702073
-36.76033194509391
149.33884852694456
60.51939962497176
67.1593532840426
110.69872688011195
-150.38317613902348
-194.2471376537858
22.61690324194185
-1.3926637620897964e-12
-6.394884621840902e-13
67.04614827164926
14.044919339302595
-5.044853423896711e-13
0.0
26.333493168217046
102.19350327511329
9.752199048307375e-13
-40.9376423933997
-18.833092858241795
-681.7337854826644
-383.3251969563869
226.65706737013494
117.96752807644643
387.9171216172898
712.6871380305665
-255.86026495875254
-287.91749310774225
116.56214628161814
-8.697043085703626e-12
2.6858515411731787e-12
144.5546654140237
68.59643462917336
-3.524291969370097e-12
2.5011104298755527e-12
73.19708150243167
1449.796668446359
-1776.4012681421784
-348.9003613073825
-519.1383796442024
-13790.98319695817
-8692.603287429658
-233.81691905466195
-32.5888567818304
3262.0533522032238
11410.476852344262
-893.1849249468878
-155.020759570893
854.9445679632177
2368.5350241895458
2.4925839170464315e-11
967.0182950397107
465.356773170206
2242.9308941189024
2.4272139853565022e-11
692.0551956636474
-17511.498928924448
1907.9865472638999
-8455.197678944427
2509.305522250732
84129.70366084416
58645.24531719084
47925.869424165365
32244.465934138574
-28423.33954547812
-69592.81920853857
-15532.284574414658
-40146.8079430242
-3476.2436589640965
-2022.9385356910716
-2359.4968434015727
-2752.947386726135
-1754.888338101875
-5183.4156697806575
-1235.1401424846354
-4084.048824291285
4502.544108976621
-5614.3052425234655
17408.732427793155
-2478.044331840084
-36252.04111077645
-25149.0429643602
-82945.56748413465
-58773.24305392514
6910.733953926061
26937.386425901812
26139.520130276123
66875.09083939459
1507.6491677374188
4568.9333028347755
3128.008039241362
2468.6727133624117
715.6579661877067
3674.8179769244107
1528.3084636605781
4986.8739117068235
1.129594150773692
2.5646151868841116e-14
3.1807889655510735e-14
-0.08357983626800858
34.74050770129938
2.184918912462308e-13
-150.38317613902234
-19.99584264654367
-271.7112170319693
-140.77536210791698
841.1014587664339
470.0713422207472
165.89065467871518
297.42450391939246
-761.3148292037853
-975.4917244323431
50.92057689049978
-1.7763568394002505e-12
-5.6843418860808015e-12
356.08561374809915
18.570380480330773
1.0045297926808416e-12
2.149391775674303e-13
-6.335719985087666
267.57443725710493
3.844036200462142e-12
-255.8602649587515
-54.44009858659918
-1569.3267241032108
-906.2105384357458
1045.7137196343626
643.3901349225152
854.9445679631658
1604.0112610505143
-1023.4410598349913
-1207.2045526955476
248.69799293047862
-1.3073986337985843e-11
-3.865352482534945e-12
550.7940433780693
263.3508718925283
-1065.8407608852988
2.6574298317427747e-12
-233.23019728131476
2845.4825217256257
-1566.49141811478
-893.1849249469044
-538.3353520820508
-25213.146869105927
-14625.95426693775
165.8260794150916
613.3012704232477
6270.56988685447
22163.991303799052
-2358.566442437912
-799.7587949235766
1687.1419045995951
5271.8461186555305
-2.6716406864579767e-11
2420.975998720667
-1532.8296492313407
3651.1781973419356
-892.2735117581883
2446.554333774609
-28423.339545478026
2093.8768622132675
-14989.234216134764
2196.4087572081526
134357.09384838564
88835.59102507323
82064.87187543616
52018.552528125925
-48829.605084543524
-117314.18591669004
-28783.743038072284
-72766.51842324689
-6362.234623078382
-5297.917794006051
-4477.948267954729
-6077.811475671591
817.7245583003812
-3368.583145514047
1550.1999073664047
-4003.6434141417076
7471.389283415795
-4527.1601983517085
26766.116697522008
-2746.264896320501
-53535.19730958118
-34527.1172070152
-125380.24865510539
-84276.1651714198
11057.359639040096
42661.28445396499
42131.06055233298
106659.15119172569
2594.5437248692483
8637.392680805246
5540.752445475628
6243.762644646136
0.49810205452651224
1.3489209749195652e-14
1.149080830487037e-14
-0.03799083466727704
8.175781118719861
6.727951529228449e-14
4.618527782440651e-13
-3.9345457357938356
115.90215502140921
9.094947017729282e-13
-761.3148292037847
-157.2771849026992
-674.5305815389745
-392.66718214077156
2906.3637444089736
1859.5591694133218
359.82683841863786
682.1547962083835
-2406.130818224316
-3159.3663452247697
8.175781118719893
5.542233338928781e-13
7.394085344003543e-14
-3.9345457357938542
62.95495052117312
1.3464784842653899e-12
1.3500311979441904e-12
-15.05411767168162
669.3811980231656
1.0345502232667059e-11
-1023.441059834991
-250.92351733257834
-3476.24365896397
-2117.5925928950087
3329.2594639756435
2249.0685173159586
1757.3956326918874
3407.128328287126
-2957.744662923118
-3632.385688353504
115.90215502140904
-761.3148292037849
8.739675649849232e-13
-157.2771849026997
669.3811980231653
-1023.4410598349908
1.028865881380625e-11
-250.92351733257834
5628.235144754517
-2358.5664424379106
-2358.56644243791
-1139.958306480398
-48829.60508454365
-27946.382170934674
1375.0610547276788
2225.087692555624
11921.866633113563
43097.24616826107
-5582.405780918168
-2579.2150924656435
-674.5305815389747
2906.363744408979
-392.66718214077173
1859.559169413321
-3476.24365896397
3329.2594639756435
-2117.5925928950073
2249.068517315959
-48829.60508454365
1375.061054727681
-27946.38217093467
2225.087692555626
232807.39595786537
151025.3324573866
151025.33245738657
94460.27163698134
-86195.6376227685
-206492.57097217388
-53784.14317183943
-135432.00721775563
359.826838418639
-2406.1308182243206
682.1547962083814
-3159.3663452247774
1757.39563269189
-2957.7446629231167
3407.1283282871254
-3632.385688353503
11921.866633113565
-5582.405780918167
43097.24616826111
-2579.2150924656416
-86195.63762276855
-53784.14317183944
-206492.5709721739
-135432.0072177556
18333.46792243096
70592.14811419461
70592.14811419461
179037.66054854196
0.3000892192910103
-2.248201624865942e-15
8.18789480661053e-15
-0.023408494087917654
4.128833284832721
4.0523140398818214e-14
7.993605777301127e-14
-1.691521988297544
28.925637041284546
3.943512183468556e-13
-1.7195134205394424e-12
-32.78056437827212
292.5481988798646
7.513989430663059e-13
-2406.13081822431
-599.2020680536465
-1449.96948730485
-902.7167878789455
7578.267749794543
5216.601606486981
4.919690988474516
3.232969447708456e-13
4.2743586448068527e-14
-2.8930596217838547
31.78672124515635
8.01136934569513e-13
4.938272013532696e-13
-8.508265461125733
167.05011015687919
3.5456082514429e-12
-8.242295734817162e-13
-62.148276586595
1507.64916773735
1.3777423646388343e-11
-2957.7446629231263
-813.1950725166898
-7081.6194014113025
-4508.723069055026
8343.247219527892
5969.252315265537
69.72433171108571
-592.1337560473895
4.050093593832571e-13
-119.69192393088062
337.9385345331575
-769.004877983622
4.794831198751126e-12
-175.22760068873282
1404.5146180756878
-1539.5477657232095
-2.8776980798284058e-12
-471.9600944835885
11057.359639040222
-4263.363043541245
-5582.405780918125
-2582.3769467497677
-92249.92484557
-53406.83460787519
4125.61258001273
5698.109445455493
-405.7486674440993
2344.895244607106
-236.2079180769431
1478.0063243727946
-1754.888338101703
2752.2735703965905
-1069.035088840038
1794.8373897106007
-6362.234623078583
4096.245795441919
-4109.5094864143
2953.860699912154
-86195.63762276873
863.9972784319034
-52657.15395771543
2811.6998957787114
406206.922498873
263586.45526080544
275527.77029348706
173608.74316801544
216.43764513080384
-1871.4350808411396
410.32581267224714
-2542.026242078456
887.1479250119773
-2222.4240973726605
1719.9681409424984
-2962.8747853218038
2974.9268022616657
-3643.9000372147175
5965.874116484217
-4415.402851527218
19496.992629748645
-8224.079945102698
71892.52028433821
-3239.942579117039
-141777.06074960792
-87476.34549795976
-346215.2500512482
-225718.59937253123
-19.904894890824558
-15.569975307322805
7.1204155368854405
1.4908524513370647
14.682881980195265
23.5448407086345
-7.310293284535521
-12.837448405296973
5.1552411406077745
1.1057821325266559e-13
2.1316282072803006e-14
-0.12087992848687712
3.2472569995400598
-7.105427357601002e-15
1.0800249583553523e-12
-1.521552115714556
2.4025975973688247
-2.6290081223123707e-13
5.968558980384842e-13
-0.2406086195600956
-274.45694778365487
-293.8781718325166
37.362098345338765
31.676120337160675
94.90004231816789
205.85669041408067
-30.76019511934492
-41.864748565924536
24.9881925487203
5.861977570020827e-14
1.2079226507921703e-13
12.09799975850974
14.044919339302197
-2.2737367544323206e-13
8.526512829121202e-13
3.131985663583862
9.848006865176103
1.8474111129762605e-13
-5.684341886080802e-14
3.837836425929055
-1923.6980594683973
-2182.291244509681
357.0680256524565
366.46145089174655
498.83836236147124
1259.169901748623
-227.74375232591996
-316.20515570056665
103.8622661852981
5.7767124417296145e-12
1.8900436771218665e-12
105.7982047322945
50.92057689049852
0.0
9.094947017729282e-13
35.247152527817036
33.02439646258864
2.3874235921539366e-12
5.684341886080801e-13
30.47582249781299
-33103.91306061194
-39317.68140154658
232.2093160970772
-116.8733878705808
4502.544108976646
18474.831199029653
-1315.852791216433
-952.246459487576
817.72455830039
1754.4703882885804
4.263256414560601e-12
866.689724582983
359.8268384186331
1174.8685635860957
3.1104008257898386e-12
374.13081743144005
216.43764513079896
1069.3914747663694
1.2505552149377763e-12
322.3848001894603
208753.9333048017
243954.69415657065
119068.04272717892
139495.70822347788
-44483.91238714238
-125779.84252683385
-23531.834082920206
-70795.14148472043
-3552.832051636453
1678.6522036516099
-2339.711582096275
-677.5658305788547
-1449.9694873048502
-2470.2525336057915
-987.9339210243888
-2023.1238014001647
-820.1025771139139
-2565.3433096291465
-575.1396976326796
-1989.19164532606
4.367794749322604
-1.432187701766452e-14
-7.310293284535698
-0.3304051378638869
-62.10465354426994
-25.82337368043785
119.52804214585096
47.71533710468548
47.104797529376654
77.65999878896375
-116.96469255257465
-156.4044288671314
15.859935021218512
-5.968558980384842e-13
4.263256414560601e-14
45.60934012838305
9.848006865175485
-5.400124791776761e-13
-4.263256414560601e-14
10.576777717856544
60.193741127524085
1.3855583347321954e-13
-30.76019511934493
-11.199680348568297
-401.36907693912815
-225.73250879888985
196.63593486856894
99.4524069919965
228.31960294689236
419.52173805076836
-192.25121949591
-243.23884282387706
68.59643462917285
-4.462208380573429e-12
8.526512829121202e-13
86.96976888433022
40.3659029722794
-9.450218385609332e-13
4.547473508864641e-13
27.703810257230316
421.8560728892203
-9.976020010071807e-12
-227.74375232591842
-175.80888380591125
-2109.6731312291704
-1380.633236322451
546.9925124406209
370.7729589871939
948.9818262695944
1933.2914086333444
-583.0240059543564
-651.0324621424156
248.69799293047936
-2.2737367544323206e-13
6.338041202980094e-12
321.3974135518904
135.362917504375
1.8758328224066645e-12
3.183231456205249e-12
132.43263978275215
4267.068870590946
-5614.305242523431
-1315.8527912164302
-2077.7283402093226
-36252.04111077658
-24715.5855743126
-724.552607072892
-180.90881345839446
7471.389283415896
27544.226771968664
-2223.7912171557546
-527.1678699165891
1757.3956326919597
4568.933302834763
3.342393029015511e-11
2060.3091158793686
887.1479250120738
3674.817976924417
2.7853275241795927e-11
1180.6529897148632
-44483.91238714244
4574.781537462719
-23233.574116911142
6620.268617259085
198746.41548787447
144270.68006727687
118912.54590227446
84533.47040140582
-62848.456454600026
-157471.94587451115
-35309.94518502844
-94061.04183400588
-7081.619401411481
-2282.9950988726705
-4825.0593966405595
-4404.61602301036
-3361.476182730097
-8105.125917993919
-2357.414030569751
-6479.596998217457
0.734489470234011
1.5237811012980274e-14
2.1149748619109232e-14
-0.056410633293835166
22.545066027298564
1.1057821325266559e-13
-116.96469255257327
-15.296491521942919
-176.25270380876668
-91.33119661978452
677.0091092470655
372.5116462867909
107.59440720904433
192.91579161268086
-592.1337560473901
-785.4607750996486
33.02439646259047
-2.2026824808563106e-13
-1.7053025658242404e-12
253.6748985399559
10.114063467015653
3.863576125695545e-13
1.163513729807164e-13
-2.9897989872629482
145.68555249297629
1.7905676941154525e-12
-192.25121949590852
-36.61510595735636
-854.2829687275281
-493.3462063372057
874.727347277237
518.308350886272
465.3567731701375
873.116307618351
-769.004877983622
-995.6406333512971
135.36291750437454
-3.744560217455728e-12
-1.7053025658242404e-12
349.70502622004176
70.86985641147595
-6.394884621840902e-13
9.983125437429408e-13
-54.40601015157634
765.6906608594694
-1.0231815394945443e-12
-583.024005954361
-195.82341192125773
-3550.6154378984384
-2273.388745440062
1592.5236573176185
1113.0902768744586
1687.1419045996875
3356.4368120566146
-1539.5477657232059
-1789.4904003488734
453.92321476074176
2.2964741219766438e-11
-4.320099833421409e-12
829.7834305726143
716.806598992222
-3368.583145514034
2.4442670110147446e-12
-897.1334822537517
6910.733953926053
-4527.160198351717
-2223.7912171557678
-1707.5023273456354
-53535.19730958139
-33746.893904929195
-297.76379225660367
861.5517259575457
11921.866633113568
43614.89071207022
-4263.363043541253
-1285.5766363691737
2974.9268022615497
8637.392680805251
-7.389644451905042e-11
4083.005694346821
-3552.8320516364324
9486.04543153591
-2211.8858823781047
6827.373523549404
-62848.45645459975
5596.1339420729055
-34599.80240881631
5944.814630136473
272090.62472969305
189091.9568151902
169446.90029832302
114335.72510206256
-92249.92484556972
-226752.44449120818
-54501.84497259382
-141860.98845792416
-11272.18589340609
-6779.034334385149
-7905.2386918460015
-9015.826241954826
0.30008921929100874
6.328271240363392e-15
5.662137425588298e-15
-0.023408494087917876
4.919690988474493
3.597122599785507e-14
3.659295089164516e-13
-2.893059621783875
69.7243317110857
4.334310688136611e-13
-592.1337560473894
-119.69192393088058
-405.74866744409996
-236.2079180769446
2344.895244607107
1478.0063243727955
216.43764513080225
410.3258126722476
-1871.43508084114
-2542.0262420784525
4.128833284832735
1.3500311979441904e-13
3.68594044175552e-14
-1.6915219882975632
31.78672124515628
4.769518113789672e-13
7.602807272633072e-13
-8.508265461125745
337.9385345331576
4.860112312599085e-12
-769.0048779836216
-175.22760068873288
-1754.8883381017008
-1069.0350888400385
2752.27357039659
1794.8373897106012
887.1479250119773
1719.9681409424998
-2222.42409737266
-2962.874785321804
28.925637041284517
-1.1368683772161603e-12
3.765876499528531e-13
-32.78056437827217
167.05011015687927
-6.110667527536862e-13
3.424815986363683e-12
-62.14827658659499
1404.514618075688
-3.183231456205249e-12
-1539.5477657232095
-471.9600944835887
-6362.234623078586
-4109.509486414298
4096.245795441917
2953.8606999121553
2974.9268022616643
5965.874116484205
-3643.900037214718
-4415.402851527222
292.54819887986423
-2406.13081822431
1.2150280781497713e-12
-599.2020680536493
1507.6491677373497
-2957.744662923127
1.2676082405960187e-11
-813.1950725166917
11057.359639040224
-5582.405780918121
-4263.363043541243
-2582.3769467497664
-86195.63762276874
-52657.15395771542
863.9972784318948
2811.6998957787123
19496.992629748653
71892.52028433818
-8224.079945102701
-3239.942579117021
-1449.9694873048466
7578.267749794562
-902.7167878789442
5216.601606486976
-7081.619401411299
8343.24721952789
-4508.723069055022
5969.252315265536
-92249.92484556997
4125.6125800127265
-53406.83460787524
5698.109445455488
406206.92249887297
275527.77029348706
263586.4552608054
173608.74316801547
-141777.06074960792
-346215.2500512482
-87476.34549795976
-225718.59937253117
0.16989473354419826
-3.247402347028583e-15
3.635980405647388e-15
-0.013431103165198681
2.33582046027402
2.0761170560490427e-14
7.815970093361102e-14
-1.1900386770301523
16.361563243488593
1.0302869668521453e-13
-1.1652900866465643e-12
-23.776152087747988
165.46897881355022
-1.3944401189291966e-13
-1871.4350808411345
-454.27825758139545
-820.1025771139514
-510.58126343159324
6121.183889875852
4153.491901112578
2.335820460274002
7.993605777301127e-14
1.459943277382081e-14
-1.1900386770301592
15.090285022249681
2.1938006966593093e-13
2.184918912462308e-13
-4.286684840597787
79.29889250410362
1.3287149158713873e-12
-1.0089706847793423e-12
-38.006884489796114
715.6579661876204
6.3806737671257e-12
-2222.4240973726687
-572.0625659629184
-3361.476182729857
-2140.1997296498866
6861.765529634241
4750.175575333032
16.361563243488632
-8.810729923425242e-13
1.3034018309099338e-13
-23.776152087748
79.2988925041036
-8.952838470577262e-13
1.3216094885137863e-12
-38.0068844897961
329.5672086901816
-1.0373923942097463e-12
-1.2505552149377763e-12
-130.42904228837227
2594.5437248693725
-3.235811618651496e-11
-3643.900037214696
-1127.9614381438496
-11272.185893406373
-7423.434131370046
9180.669431784117
6818.557081048732
165.46897881355085
-1871.4350808411345
-6.394884621840902e-13
-454.2782575813951
715.6579661876194
-2222.424097372669
7.972289495228324e-12
-572.0625659629172
2594.5437248693734
-3643.9000372146966
-3.387867764104158e-11
-1127.9614381438514
18333.46792243112
-8224.079945102685
-8224.079945102683
-4504.7527001334265
-141777.06074960803
-86002.59037179769
3386.624023149588
6562.80278119801
-820.1025771139502
6121.183889875852
-510.581263431598
4153.491901112577
-3361.476182729859
6861.76552963424
-2140.1997296498885
4750.175575333033
-11272.185893406375
9180.669431784117
-7423.434131370055
6818.557081048732
-141777.06074960803
3386.6240231496204
-86002.5903717977
6562.802781197999
627327.5112412467
421667.4712538933
421667.4712538933
276036.78130151314
