275.5066781609431
266.71330875021147
163.36647219793252
71.27535952422306
543.611684371286
48.625326809795745
588.2500839881104
68.53399954252566
1882.883522288543
439.326012092402
2096.638183617667
489.05862073545677
4700.818826144943
1002.0462551840525
5279.358348703436
1149.491402612588
9592.285591554068
1785.315957130824
10807.793819384848
2071.4238185537506
-190.5245187282071
-259.7171120427822
-427.0316894817954
-539.4996443987338
-231.6449184537239
-29.784814379145775
-402.09499411845457
8.224079945104936
-691.6451233831315
-126.58546111137042
-1333.0831921408742
-301.5495979871087
-1650.10289755666
-242.53348851587933
-3260.728012269239
-636.7787614636394
-3301.0543112981372
-400.32208850063387
-6597.142977094951
-1099.4158936135373
-32.583021496793975
-60.63337212898246
-266.99958604162083
-335.072514334756
1.3935519405094965e-12
-8.509946965466067
119.35200619071546
158.45060694231123
2.4513724383723456e-13
-29.146568356735123
216.79089894534457
1.4495071809506044e-12
7.958078640513122e-13
-46.683137639150424
497.9433372616757
-5.6488147492927965e-12
5.7411853049416095e-12
-69.54855466422656
983.5758021112885
-4.526157226791838e-12
-20.88655224152413
-39.35850471529013
-578.6763936519546
-698.2896578149679
2.4420465649654943e-12
-4.964135729857423
107.93449401204299
321.67901270987113
1.0178524689763435e-12
-15.24698831313448
36.531986616052734
4.796163466380676e-13
-3.481659405224491e-13
-21.57879409101352
61.63633016418973
-2.842170943040401e-14
4.945377440890297e-12
-29.362693993953904
115.75615450216588
3.9968028886505635e-13
-15.56997530731341
-29.494702550769553
-973.9698771275773
-1163.7749561796536
5.17452747317293e-12
-3.545811235616175
178.22536656091935
551.5355201279219
4.132694186864683e-12
-10.282852583279421
28.3305712775779
1.1937117960769683e-12
5.162092975297128e-12
-13.45566289669982
22.519738804182765
1.6484591469634324e-12
-5.400124791776761e-13
-17.092038142225274
34.79039465591126
2.2435386881625163e-12
-311.1443579230523
-63.06772711200029
-225.9841924225693
-19.189519871906082
2044.467112067074
1256.506423224217
2150.214584194515
1205.6501199520576
2081.7757160085075
-355.9349087170542
2322.1517782026044
-369.10454039328187
5075.604271400729
800.6441770012623
5698.795583228771
918.486134821264
10066.627591398035
1630.2028328965962
11340.597829918705
1891.457689330839
174.62463083434363
52.1234251635012
398.32091394846054
139.80935906674415
-662.5867075771008
-498.5848540201765
-1576.8015114315115
-1135.4713044205173
-823.3870516465847
10.424685032694253
-1485.69490772163
255.29893886724798
-1796.7787106728083
-193.74312591384972
-3526.9604136980433
-508.74419622305675
-3472.5376521447906
-365.5344568145157
-6927.741522844415
-1003.8883987706872
50.12772537967771
20.211124042995028
188.2825766110235
158.4506069423116
-65.16604299357861
-90.20543783398728
-126.58546111137068
-196.9862958279371
2.3163693185779266e-12
2.583376757377041
317.0056553529991
171.33499885630783
3.0340174816956278e-12
-37.281672420154074
552.211747975242
-6.207201419528019e-12
1.8474111129762605e-12
-63.50317675499224
1038.876288310979
-5.243805389909539e-12
31.74755940712354
13.11950157176637
363.0910705267162
321.6790127098707
-36.76033194509012
-54.32182812957886
-365.62379283786845
-413.68427533381464
3.3146818623208674e-12
1.4081936050002897
114.41826312859557
237.91088412618342
2.1227464230832993e-12
-17.229265641995923
76.73074114536755
-1.4210854715202004e-12
1.1617373729677638e-12
-26.80970990431208
125.19653744954493
-1.5205614545266144e-12
23.54484070863182
9.831567516925826
597.9204782670624
551.5355201279223
-25.823373680430926
-39.390739362886535
-563.8235890294437
-648.4016530917213
2.1671553440683056e-12
0.9716443775510728
129.72910674363163
347.82636529724374
2.078337502098293e-13
-10.741812565721911
35.817605425986095
-2.1316282072803006e-13
5.671907388205e-12
-15.605616210636548
40.17434292905719
1.2292389328649733e-12
29.254227233292585
-7.446203594785986
26.593584267092716
-2.193087985360661
-3939.2690232284494
-691.0140704824456
-4247.181225010169
-692.4283690921916
13186.932436476973
10378.45034001632
14912.686634848546
11552.221503839137
5985.094947927073
-4392.2423219536595
6653.2089476183355
-5103.706178053209
11718.634469811772
623.2420337481306
13183.239388417485
723.1515928230804
6.853399954252992
10.424685032700275
-25.529840896408526
14.25507190484418
1043.4790958917129
174.4539127921306
2835.262548427182
559.8248705487722
-3298.4957086485815
-2717.606154743274
-8639.350270502082
-7042.814874892634
-2450.152787281105
535.2240886919512
-4333.655777929669
2557.148898082155
-4113.621526386905
-139.70744227137203
-8106.795666745573
-383.7520567390181
-9.7488683792335e-13
4.04222480859789
-38.93300736702471
1.3322676295501878e-13
196.75132211522458
53.73423655339853
307.2192163427177
171.3349988563068
-286.9812277986398
-329.50717268085356
-56.249460055862414
-210.1448237401091
7.275957614183426e-12
103.15087230873601
924.179744532378
460.822612923915
8.533618256478803e-12
-24.260787616420647
1261.821312822835
-1.1695533430611249e-11
-1.9068080447937064e-13
2.623900314353059
-58.67811050476425
-1.2789769243681803e-13
110.6987268801089
32.317536690296635
481.7237835810651
237.9108841261835
-140.77536210791158
-172.74854643595228
-589.6331038683213
-632.3664773026369
3.993250174971763e-12
47.72876820785366
252.3724947976533
437.1685925103892
2.6005864128819667e-12
-10.23821999429796
171.6722398180088
-3.247180302423658e-12
-3.969324868791091e-13
1.966313503382315
-91.21944774837286
1.9397816686250735e-12
77.6599987889572
23.42077395366656
671.5566932431709
347.82636529724357
-91.33119661977685
-116.6510497187649
-795.2210812890177
-867.5395616549137
5.314859663485549e-12
29.78286076413751
212.22442906383537
517.0074384536498
2.3732127374387346e-12
-5.9575489603307155
70.72883868391048
-2.0605739337042905e-13
5.078043013722441
-3.191230112051376
5.318716853419003
-0.9398948508689051
248.41349704311017
-92.90025437304783
298.26719421022506
-90.75206948945123
-21135.06432894252
-4950.707591562546
-24225.740039331933
-5648.655313809413
49551.41400853523
44848.578174959315
57309.774392545034
51603.60951008108
13814.277345434122
-18073.077463660687
15212.9982628955
-21474.27471757787
2.9371714089650034
4.467722156871845
-2.83664898849041
6.109316530647938
77.21497281790616
43.96805932159553
-102.69958724238757
82.76296325706599
4484.341579520627
800.3540651729483
13241.723148630143
3055.5779856640975
-11132.13570107531
-10265.543936413314
-30671.67840751743
-28110.88294018636
-5941.897760336655
2242.4528518143966
-10250.693198476773
10008.178108577933
-4.634070904785403e-13
1.732382060827844
-6.554685341260787
2.1316282072803006e-14
-2.3092638912203256e-12
13.534868030795902
-135.86903961915368
-3.588240815588506e-13
606.5454770940564
184.8657039658061
552.9853795175811
460.82261292392633
-892.273511758191
-981.9169575542339
247.59928736505287
18.56292330461571
1.3301360013429075e-11
389.67374460540464
2238.120865236982
1158.2245922686316
-2.184918912462308e-13
1.124528706151739
-7.780522939857903
-7.815970093361102e-14
-1.7422729925442582e-12
8.138481026501102
-119.9282388910867
-6.536993168992922e-13
297.4245039193882
96.8866057924799
847.7960276701062
437.1685925103899
-392.6671821407623
-454.10683780949756
-1032.0542325081185
-1080.383022883461
6.536993168992922e-12
164.55291680346429
534.4901305620106
848.8425371909514
5.268008251846368e-13
0.8427057871663397
-11.20998244748007
-5.755396159656812e-13
-2.629896300732071e-12
5.897405526936311
-148.59712047010584
1.0658141036401503e-13
192.91579161267381
65.41191443327536
996.7580447803916
517.0074384536501
-236.20791807693092
-283.2614022112332
-1217.2720380092378
-1298.0873544519254
3.225864020350855e-12
95.80385224500367
369.16533251383817
833.438704912834
2.0827215445390257
-1.7729056178062927
2.353129274542874
-0.5221638060382776
9.319072052348712
-45.19297593026126
19.33334979306004
-44.15607021607252
715.4508634199938
-717.0746133132998
987.8456531236657
-797.7165843254438
-70703.4510507555
-18854.92884111329
-82550.852809932
-22239.49372539305
135758.81297576477
133573.6256440002
158563.52310045413
155572.4692231704
1.6317618938695366
2.482067864928723
-0.7736315423155187
3.3940647392488184
37.90553211060898
21.37801828598379
15.650169366915673
40.24933555816803
443.3622585789353
207.3377165994421
-81.75202548119796
492.99237645743676
13925.83457104217
2610.5244233536064
42326.936549591206
10702.543504558336
-28895.853159114245
-28925.56005077873
-81875.1689013208
-81185.50486324713
2.9265478929119126e-13
0.9624344782375225
-2.638636153254401
-6.661338147750939e-15
-2.489120021209601e-13
6.579552069406317
-33.02563625672916
5.417888360170764e-14
-3.325340003357269e-12
47.883329210428734
-436.10651467397565
-1.1937117960769683e-12
1550.199907366414
502.74148226777334
862.4455810667562
1158.2245922686295
-2211.8858823781006
-2431.204245639548
995.4365556639417
865.0948856537957
4.946043574705072e-13
0.6247381700842001
-2.603331539220326
7.460698725481052e-14
-4.234390615920347e-13
3.9559587516968615
-20.915681340457276
3.197442310920451e-14
-1.5276668818842154e-12
25.092937442063715
-249.9236534156254
-1.7550405573274475e-12
682.1547962083771
232.48520498358843
1540.7688970761994
848.8425371909478
-902.7167878789329
-1026.579097391874
-1829.2565720930472
-1883.0532255254711
1.0982881271104361e-13
0.46816988175844126
-3.467527091449341
-7.105427357601002e-14
-4.207745263329343e-14
2.866511389292258
-23.16401956481822
-4.156675004196586e-13
-1.922018100231071e-12
16.940321688970585
-245.24367850227245
-3.836930773104541e-13
410.32581267223605
145.01128159516367
1577.8929135231328
833.4387049128329
-510.5812634315728
-597.6436395288474
-1933.272590408073
-2038.0219492703163
-225.61392649398252
-215.03989047407111
7.446203594786347
1.0965439926804272
-231.64491845372453
74.46203594786053
-52.1234251635026
-2.741359981700694
-691.6451233831325
-34.252536536022134
-307.84733147587156
-1.3855583347321954e-12
-1650.1028975566628
-151.90255333362512
-899.5723104748777
6.892264536872972e-12
-3301.054311298141
-310.2584831160748
-1960.5435014653176
6.224354365258478e-12
4247.776453931005
5375.138429977605
1527.9247123445268
1805.851306802742
967.7000735404206
-1335.223432654809
661.6483765652908
-457.8071169440487
2207.264732694658
189.55906865586377
1553.490818546547
117.33020721681254
4351.843700474426
709.0001528945434
3260.5253944843553
482.63600592114307
7891.283590267883
1341.6843171094931
6115.041587642065
955.2986831469693
-2587.778552249988
-3541.69386780027
-5708.764616329639
-7397.076909099308
-856.6749942815371
460.9554606296657
-930.0662871011538
1813.6054393223978
-1382.4678387717795
-93.96399774374899
-2116.4542029801196
-183.12284677763932
-2481.909840575653
-294.80887701804886
-3997.3956236908575
-623.6202335514583
-4298.909344637338
-503.58961953399876
-7075.789119322197
-1121.3467734671292
-472.64368945116536
-649.1735679455712
-1745.1838208732609
-1987.1323394281246
1.6839862837514374e-11
148.47278682942635
719.1549878774094
1250.973938316173
3.1015190415928373e-12
-26.219662354974457
544.1079575695077
8.569145393266808e-12
3.154809746774845e-12
-72.83740970899808
881.5592824013472
-3.552713678800501e-12
1.0857093002414331e-11
-113.6486225426456
1486.2321518482613
2.8776980798284058e-12
-293.87817183267214
-406.7144670780473
-3239.068808672724
-3837.9393938842236
2.0884627360828745e-11
90.38099268404687
663.7039552466297
1895.2766055304896
-1.1297629498585593e-12
-14.822482800169386
150.9756832358239
6.778577699151356e-12
-1.2221335055073723e-12
-38.114955771873696
148.21951459826113
1.5916157281026244e-12
-3.637978807091713e-12
-55.51975264872489
220.0430968733873
2.035704937952687e-12
121.9905191856886
37.23101797393042
-22.33861078435882
-2.7413599817008985
-750.3102269915312
-453.9076324514593
20.211124042993355
57.56855961571998
-823.3870516465852
152.11530200776792
-424.43360490281174
-111.02507925888843
-1796.7787106728078
-90.06360538454157
-996.1473146739247
9.155343150268891e-12
-3472.5376521447934
-269.0239219106632
-2071.9365252056355
8.640199666842818e-12
-2586.8256033038733
-1421.3866456801893
-932.1730287971584
-413.9453572368324
5770.876059764028
5119.606681389125
3026.127843452058
2320.678711366177
2226.3759279956325
-1897.3510239710686
1667.0378252000899
-940.6389342924698
4659.436157780469
420.1482387523041
3507.851714602858
286.0935493283397
8264.458361014276
1163.3401428474403
6410.907761101282
828.3274332932415
1377.794472707777
629.3814943212578
3389.472844553413
2032.9142378584727
-2816.0946764402283
-2788.167798332077
-6207.178386843066
-6010.131515690775
-1645.795046156869
425.75062050463544
-2140.808860724133
1927.763501417508
-2702.524048626822
-174.58899131536867
-4288.390374406625
-369.4308927720323
-4522.2293105925255
-436.6336515264601
-7416.326327186998
-972.2737537869095
331.2227430012037
216.39118931520392
1243.612704272079
1250.9739383161686
-383.32519695643794
-480.79910969008034
-882.9327853855688
-1106.2206373949707
1.4551915228366852e-11
119.45515706305929
923.5779130349724
925.2089938240533
7.261746759468224e-12
-43.11276667203461
997.3142089169469
-8.483880264975596e-12
9.308109838457312e-12
-98.53467541141187
1576.7665355126405
-1.0444978215673473e-12
205.8566904141706
135.57148902603615
2018.7235689534036
1895.2766055304878
-225.73250879897608
-292.3523843351734
-1845.2406629304137
-2130.605973875052
1.496403001510771e-11
67.74270594508124
509.63154963479496
1195.257873475978
2.984279490192421e-13
-22.552209603046258
200.2121312827291
7.105427357601002e-14
-1.7053025658242404e-13
-48.13485606901591
243.76459443451603
1.4210854715202004e-12
6.853399954252463
7.446203594785911
10.850182380974069
-1.667416205108907e-14
920.6661687115145
122.1177389544915
-330.11502603552833
-111.02507925888685
-3456.398043594556
-2672.928933174543
167.78134073968266
333.89764577117995
-2450.152787281104
733.3382328199009
-1731.0080146956523
-856.6749942815223
-4113.621526386905
-16.048391244111265
-2538.116974251823
2.3533175408374518e-11
121.01146204936302
-155.09378344568697
29.78481437914296
-58.11683161205747
-8341.853991554657
-2155.840663047232
-4455.193055326916
-959.4368313098553
18831.21344167488
17082.81079762714
11970.839444967647
10200.54827552848
4889.784886744297
-7159.0449398241435
3926.929904745726
-4405.755926712079
9503.015572657408
69.21175573079486
7414.615623812231
49.359815950176085
79.22530347115227
125.87629886424266
-137.42551260308886
202.86063864586254
3472.062957775837
736.5156480829746
8510.746545735552
2375.153450431102
-7296.912837006289
-7152.193358386759
-17152.41241722986
-16372.576679281447
-3685.260066309281
1425.8459120177044
-4747.466826655294
5977.096347807574
-5357.102414086519
-25.8745036668167
-8585.228328229754
-57.73342462153366
-7.761791209759394e-12
43.278237863031066
-261.8742770737781
1.907807245515869e-12
712.6871380306279
236.56363178106164
1488.414897985465
925.2089938240481
-906.2105384358142
-1077.2926675568951
-1176.2422907953983
-1413.6516986154957
2.893330020015128e-11
352.5630392602743
1934.5170666622928
1700.1000819848314
1.48929757415317e-11
-5.8165280125217524
1958.716044905479
-2.1259438653942198e-11
-1.1604051053382136e-11
27.114297805191484
-320.6529171718138
3.772981926886132e-12
419.5217380508624
143.81767864421437
2241.811417750001
1195.2578734759727
-493.3462063373088
-610.4303553497964
-2583.7200891108937
-2824.020520519108
2.2652102416031994e-11
184.59633051217895
834.4573304947105
1776.625561231621
3.517186542012496e-12
-2.832359127373174
368.27681902530765
-3.948841253986757e-12
2.9371714089651952
3.1912301120513513
2.6239003143532416
4.184153024056059e-15
77.21497281790656
29.642981929721
182.15799356769585
3.481659405224491e-13
4291.349836808893
691.5943641824333
-1541.3988583566374
-856.6749942815379
-11360.216851552843
-10220.8667148446
906.5101984730171
1145.3402003546862
-5941.897760336654
2498.831369431807
-4942.655173303292
-3291.002658031915
1.435950466606414
-66.4687643338699
-1.8235600640287402
-24.907213548026313
462.5018442547364
-269.15746545072585
205.56679465227091
-131.63749550224878
-27467.337227916192
-7589.861004950986
-17582.008017568805
-4452.275974886361
54200.84242227863
52098.17498892864
37573.222177495
35131.518450980664
9711.804843262405
-21671.854281726613
8083.579369226249
-14624.881366375925
33.95370148763695
53.94698522753649
6.230496885432046
86.94027370537472
285.55833142715755
178.64134701324812
-307.66743144265934
308.9643240328476
9261.732167613638
1924.1398394465468
23998.6408564722
6701.479955093339
-18356.994953654397
-18552.72114069327
-45138.09085352672
-44595.895545164036
-7738.0368203471635
4057.3626950273574
-9729.877705544262
16479.31198204124
-1.4921397450962104e-12
18.547816227013556
-44.69257140090695
-1.4921397450962104e-12
-1.8985701899509877e-11
57.373374768717724
-566.1908401496039
-4.689582056016661e-12
1604.0112610506017
538.9916352307523
2383.2592776656293
1700.1000819848389
-2117.592592895099
-2427.5002419759526
-1594.216568237449
-1824.26232790914
4.46789272245951e-11
915.8413850757574
3943.4975217750834
3301.054311298142
-2.0961010704922955e-12
11.6204133450819
-41.602886332565745
3.410605131648481e-13
-2.027888967859326e-11
34.8784554624241
-527.7193367581878
-1.6342482922482304e-12
873.1163076184697
305.3782025534864
3303.355966835863
1776.6255612316165
-1069.0350888401758
-1270.7693978350576
-3916.0015477089632
-4174.730484409936
3.007016857736744e-11
447.4832471624781
1449.46949406619
2863.9984587004437
1.631761893869583
1.7729056178062834
1.2571512562626053
6.557254739192331e-16
37.90553211060914
14.221926519565844
47.06010590258022
4.929390229335695e-14
443.36225857893464
173.03310870961548
974.6195292560252
2.9132252166164108e-12
13662.664012798909
2443.500348873638
-4628.135619834582
-3291.0026580319163
-29194.11312512334
-28880.882829210004
3051.6755444578457
3018.2373398528393
-4.193924751225666
-36.92709129659407
-2.457201136782942
-13.837340860014375
-15.656333167547814
-129.10805253327425
-18.00478639442398
-63.14859192479204
1299.4621423747467
-964.7468005737317
689.4991120886152
-594.7639280018698
-75058.67481678113
-22274.996772904342
-52050.74769605421
-14695.734978210712
131421.37149877538
132946.98271908387
95055.89237827751
94874.18875923404
18.863167493132096
29.970547348631055
9.908316677869948
48.300152058541165
140.18318088243007
85.68276327787751
65.43711392001617
148.19483509735306
886.1973325459805
481.30048243957367
-553.471378819756
935.3213531971205
22592.39612538245
4747.568489774871
60592.965644042444
17485.433270094392
-41150.28208509082
-43313.43930390688
-104271.02913013249
-107324.27246333189
-3.1796787425264483e-13
10.304342348340827
-18.14350164716008
3.552713678800501e-15
-3.346656285430072e-12
27.517448803359194
-130.3330807770844
-1.9397816686250735e-12
-2.5153212845907547e-11
134.81399734914962
-1229.6427039214318
-1.1723955140041653e-11
3407.1283282872546
1173.5425150799288
3895.128397463614
3301.0543112981177
-4508.723069055153
-5111.013091246679
-2177.209932755662
-2185.3908161650406
-7.096545573404001e-13
6.455785191713025
-13.627523052813729
1.1581846592889633e-12
-2.5659474545136618e-12
16.728178420804543
-87.98746866222844
-3.979039320256561e-13
-2.532374310248997e-11
76.37931255861717
-877.119239814899
-4.604316927725449e-12
1719.968140942663
614.3126548889817
5190.824386740921
2863.9984587004337
-2140.199729650076
-2497.145307747279
-6164.619238713808
-6475.264444773698
-47.62133911068962
-41.48599145666589
9.573690336153689
2.66303541079513
3.064215547965432e-13
36.16727460324731
11.275679729247985
-1.644815989020427
1.2789769243681803e-12
10.424685032700472
-12.126674425794533
-2.717825964282383e-13
2.0463630789890885e-12
-7.841308275326105
-83.85337027761267
-5.115907697472721e-13
7.30437932361383e-12
-30.94986664227506
-222.6447109488679
-1.2505552149377763e-12
-2671.3247612160662
-3435.31953073181
-72.33454920650212
-113.2573295297089
-856.6749942815416
709.1622471225062
-159.56150560256586
-48.95285681608709
-1382.4678387717765
125.87629886422994
-309.8228548785813
-2.69384514695048e-12
-2481.909840575655
-79.02093610791576
-658.5078008994744
2.9132252166164108e-12
-4298.909344637333
-289.15246385648146
-1257.4828126379084
-7.105427357601002e-13
25893.308028369138
33565.242073870155
12026.073942583967
15561.098522620327
2248.4634569910977
-9217.718307603514
1838.8254721410456
-3957.610026915534
4395.339945517389
-648.7222828790443
3080.8264440333205
-395.8523813575749
6885.800218416905
338.46379976294884
5077.409816494756
225.1048167830586
10817.29968155868
1118.8108936609872
8298.004157523152
782.9846271543404
-12736.214697360738
-17583.818033514453
-29290.980981169807
-38269.94767479677
-2775.6269814721527
2824.8709441757733
-2273.261736151888
10276.860142308884
-3060.180147572687
329.87202638436526
-4362.463634527834
637.0920597472079
-4244.212685954738
-151.52763958617172
-6531.830621887992
-309.6953533612468
-6254.412798250545
-457.7939855768618
-9944.486464263442
-976.1852353884758
-2182.2912445095126
-2850.7504070190807
-5462.857799528772
-5786.0025609857075
-4.7130299662967445e-11
848.8672098054908
2542.38384975827
4454.709970263918
-9.379164112033322e-12
92.44748155373084
1336.4440260910294
1.7180923350679222e-11
-7.617018127348274e-12
-39.178486606409656
1600.7602016996573
-1.7962520360015333e-11
-5.229594535194337e-12
-110.54748413797755
2253.253938347535
-1.2320811038080137e-11
27.57024895882035
13.82866381888867
-15.105155863709125
-1.6448159890205256
-102.76183702833063
-71.0580571616743
88.7161971150243
59.60499845926795
2.3945290195115376e-12
63.30792688954988
-49.20572906105811
-66.61504755533204
3.1725733151688473e-12
7.15240780669253
-101.27481581861339
-1.936228954946273e-13
5.123013124830322e-12
-22.14151893905317
-239.93863480706887
-8.526512829121202e-13
1252.4751592585608
593.9233819651024
-32.62146336763168
-48.952856816086445
-3024.9601988554896
-2681.79346126364
-56.226435307580836
-26.760895059470037
-1645.795046156869
763.1092323500363
-441.2002266026519
-165.46065603837684
-2702.524048626822
72.26700994489065
-733.9061766108566
6.682654429823742e-12
-4522.229310592513
-206.84666366014358
-1331.4567239221672
1.7763568394002505e-12
-13925.793035284965
-9302.33425754424
-6304.433571851212
-3826.024747793901
20973.323998734886
21875.334323817202
11180.284712664023
10967.59266576769
4050.189669726028
-7660.390413891802
3176.6400965557614
-3825.620070844209
7320.686717747672
-310.52710517947435
5445.34529406023
-206.20248700456818
11311.084797612515
800.2739669576445
8694.022314090264
560.0871391876899
5977.3820773024945
3070.908090926582
15576.081939918644
10583.892460259398
-9741.173480430185
-10696.798888665213
-21900.211001358348
-23706.645944168307
-3643.071604253198
1995.113921218313
-4065.012224860595
7639.611316380573
-4621.476035817384
139.3776570306614
-6959.46191886014
284.527057910316
-6579.317359198622
-327.4262506751345
-10406.561496569462
-698.2232006032509
1259.1699017485184
950.2501356729803
4028.0837166564647
4454.709970263918
-1380.6332363223537
-1661.3053004858525
-2568.7914649046506
-3095.5321891269314
-2.5863755581667647e-11
558.8580363919123
2366.407469764304
2809.3667966315425
-9.308109838457312e-12
36.10181347274272
1834.2878255947555
-2.55226950685028e-11
-6.963318810448982e-12
-79.0606803657401
2399.1944586542113
-1.3983481039758772e-11
-9.992007221626409e-16
2.7657327637777316
6.169711549965678
-1.915134717478395e-15
144.11721046656248
31.30444776583618
-252.77581754219244
-66.61504755533176
-354.6536570611924
-310.35979200853944
580.0624834986098
490.0768401572135
6.30961949354969e-12
188.0569340778532
-361.6772092913793
-514.0049965689213
7.432277016050648e-12
28.73594853812113
-334.43645248407563
3.296918293926865e-12
79.22530347115668
118.78467639301671
37.241148863175766
-2.19824158875781e-13
3179.651226394346
611.9057103742806
-297.3415993292072
-165.46065603837462
-7672.8707773537835
-7045.819021318336
183.16954750889602
218.23836273366027
-3685.260066309289
1897.546255179458
-1340.6637894202854
-823.3870516465729
-5357.102414086508
268.5518083028552
-1648.6309204326071
1.7621459846850485e-11
454.3608358241784
-987.1860826420858
72.36678385408734
-501.1206046549148
-24919.168725711654
-7914.238263714096
-13243.63904968102
-3701.5539505295324
42175.4672976917
43076.59293605351
25425.974955168615
24810.26909049094
7131.621792917042
-16214.19693126067
5999.106484152162
-9249.971614618717
12917.081741723989
-1039.57302041439
10039.468595981405
-727.3614015783796
375.292181494865
614.181618185313
-443.6975262240981
1093.2543607022817
10213.873220331761
2433.294363526903
25260.5157284018
8229.865282726278
-16949.25685142916
-18499.22402362388
-39919.67908757719
-42263.47563372715
-6302.012776114629
3648.860670219098
-7139.771567215121
14408.297313519175
-7793.960563973746
425.55951137826787
-11956.096785730206
907.2559614964383
2.1689317009077058e-11
190.0500271346202
-897.0272610677159
1.0913936421275139e-11
1933.291408633231
731.0371748990384
4006.1344012315612
2809.366796631539
-2273.388745439941
-2735.2115116802684
-3346.216777283363
-3696.4996422342465
-3.54702933691442e-11
944.2619299849016
3820.9273637327374
4175.8293105870625
-1.4097167877480388e-11
102.80086888659955
3029.0040408865616
-4.1040948417503387e-11
-2.6645352591003757e-14
1.1853140416190404
1.4284553834896085
2.1441182163073336e-15
-1.0658141036401503e-12
7.395549148563264
95.11155119816803
2.8421709430404007e-13
523.8347302175882
138.25440354129546
-1317.070506967895
-514.0049965689226
-990.0225762485499
-962.7695768819169
2262.2607948036525
2059.701241108218
7.929656931082718e-12
499.55025215571607
-1248.9666021074036
-1974.601594819134
33.953701487638305
50.90771845415411
10.171412801585719
3.82804898890754e-13
285.5583314271679
144.53401988973553
222.2809199259992
1.6906476218991884e-12
8802.22801829989
1665.1881704214732
-1339.7463417578413
-823.3870516465889
-18900.04531193414
-18446.3468036248
1189.3097210133014
1144.5569546454674
-7738.036820347168
4667.787736973518
-3423.586320101207
-2750.171495927756
-56.21093372001428
-423.0797497037744
-53.40974110092236
-214.7659734235479
877.7265028164193
-987.4547047054302
187.76682224954084
-537.0454745103717
-53915.36195898533
-16637.276680964296
-32522.757309789427
-9070.537143089132
90182.03878125237
92898.37790770276
59133.164908462044
59281.7343325151
12507.128682268281
-35750.08182543643
11039.037304902751
-22292.915099395716
160.8395063549366
263.22069350801087
86.14089673088733
468.53758315814616
925.2089938240406
574.6941748796683
-577.8154505467674
1049.810332039943
19429.484722052344
4348.865347001638
49539.40122798637
15358.635440508733
-32465.514100768443
-35416.15843748416
-79162.46118739726
-83756.40089414932
-11257.943036851026
7393.31111578161
-12711.658892022482
29267.97648183311
1.3926637620897964e-12
81.45001162912507
-159.22279384397035
-4.661160346586257e-12
2.3419488570652902e-11
172.65373170328425
-1567.8312693857486
-1.1937117960769683e-11
3356.436812056467
1217.8968942548524
5533.419460457245
4175.8293105870835
-4109.509486414138
-4832.133512786713
-4483.764139333895
-4676.0278214300015
-7.707967597525567e-11
1785.6348703306016
6531.778267793703
6731.620308911264
-8.548717289613705e-15
0.6585078008994676
0.6732436398007097
9.26342336171615e-16
-2.913225216616411e-13
3.5126555980847076
21.2733796607092
8.393286066166183e-14
-1.2789769243681803e-12
33.181354400503196
474.1424070025101
2.4158453015843406e-12
1437.4125252621438
431.15973606206506
-4266.1220908579235
-1974.6015948191384
-2339.7115820962586
-2412.0568649672305
6375.016655166156
6046.735198493969
18.86316749313264
28.282065807862892
5.0777244880546775
1.425526363618701e-13
140.18318088243137
68.64444954831015
61.929488343870396
6.193934254383748e-13
886.1973325459949
399.6228446066529
867.384775055667
6.977529665164184e-12
21965.79955813644
4349.892121965355
-4040.042770914645
-2750.171495927759
-41860.42486130269
-43207.064966838385
3860.1435594389586
3529.1746240608554
-56.06852540928179
-235.04430539098354
-38.02920924774931
-119.31442967974796
-218.95405578251655
-468.9652821535989
-188.43781386494106
-255.0580314749334
1821.7544810421687
-2054.9644197033317
501.26116806659775
-1255.174800908208
-115651.16208004887
-36342.39347502174
-75682.97080591618
-22052.012819157637
184324.26091901344
194158.60118512425
127253.01496931256
132037.76714856597
89.35528130829915
146.2337186155594
75.20666382124602
260.29865731007817
454.1935060590746
272.93278995341933
320.22530090264087
498.5762428364103
1961.6539407517557
1043.5772953844285
-807.0489361800528
2016.6210839372834
37772.15440380705
8361.89837897322
99033.8810468717
30585.853661959052
-61437.648674267744
-67990.99855548442
-153842.47077975288
-165234.65706708728
-1.4210854715202004e-14
45.250006460624206
-66.16285398590648
-7.815970093361102e-13
2.6503244043851737e-12
81.99601696764104
-367.5638489628989
-3.325340003357269e-12
5.212541509536095e-11
292.24766941478003
-2690.827263003435
-1.5688783605583012e-11
5965.874116484014
2163.6993352147542
8109.544340839701
6731.6203089112605
-7423.434131369837
-8620.864112462152
-6217.680920121759
-6000.9903627395415
-30.912097317465175
-26.59358426709356
7.446203594786207
2.140871604756876
-3.9968028886505635e-15
24.82067864928735
13.11950157176647
-1.1748685635859566
4.849454171562684e-13
11.133847279823152
11.883533083924167
2.6645352591003757e-14
1.0516032489249483e-12
4.315758818202833
-5.622643530755852
-4.831690603168681e-13
3.112177182629239e-12
-3.6302353126501146
-45.49843759081443
-1.8900436771218665e-12
-509.85972799053263
-601.7886359786378
31.461016054160083
26.388259979695533
1.6200374375330284e-12
259.0376280852928
-21.081459528096527
-31.982533119843666
3.4212632726848824e-12
71.70919704312321
-28.456746898171023
-1.5987211554602254e-13
4.661160346586257e-12
23.2863094236955
-73.48885658709355
5.115907697472721e-13
6.764366844436154e-12
-18.126616831752187
-158.46552758428174
-1.1084466677857563e-12
-12865.039446151199
-17419.79326901397
-260.61712581756797
-631.4023000091138
-2775.626981472152
3207.5953946770624
-770.9163931525331
-504.16102208916567
-3060.180147572687
668.8565396854702
-765.8550575622324
-6.573408484200627e-12
-4244.212685954744
181.20831125777926
-1140.2411486067624
9.535483513900544e-12
-6254.412798250562
-127.14088888530796
-1790.2841503688678
2.4442670110147446e-12
92574.08176604987
120758.77483395001
49144.62161570837
64654.2888699023
4695.949648653707
-33942.07866326468
4568.6364405549575
-16616.648092157375
8955.709761933143
-3238.869449775095
6436.456730250128
-2031.8960184365865
11714.353365613944
-774.6342878146279
8616.55934301289
-513.6525359999287
16037.988353203047
495.8407880937425
12173.241093630168
343.32270247008387
-39848.13455800563
-55293.308608133026
-94904.81213148996
-124544.78196885619
-7304.353671242025
9290.234014435864
-5110.6900446514555
33984.63969314558
-6514.293724515766
1576.580307004219
-8950.356936870368
3106.509131263304
-7500.948344215381
348.4823282360722
-11258.603679935222
711.0304546824264
-9606.182269210147
-208.0556886778022
-14967.625791660908
-438.3565151690268
16.709241793224397
8.864528089031175
-10.992014830398666
-1.1748685635860907
-61.82419463493056
-41.556907681378334
72.48651254516392
45.55879207683874
1.1226575225009583e-12
41.89122702645027
-10.688088153061102
-47.58217682523678
1.000088900582341e-12
12.393454509235937
-13.242300229277852
-3.4638958368304884e-13
2.6965096822095802e-12
0.7647286396458206
-51.95339625310572
4.831690603168681e-13
275.3986851919673
200.59621199288048
-47.55255213432227
-31.982533119843314
-476.36529330502367
-433.41417772319727
112.9630990370927
86.08819731278925
7.602807272633072e-12
269.7330841578061
-81.1545627821811
-108.10096194507179
6.579625733138528e-12
66.85036116208155
-91.03924071847909
5.826450433232822e-13
9.947598300641403e-12
3.824982819947138
-172.34892053212198
-1.7053025658242404e-13
5784.144954116895
3016.233169426439
-229.02717117294995
-504.1610220891665
-10063.235352406291
-10532.774124164725
-301.3160959552115
-292.0117100881085
-3643.0716042531876
2515.306745777181
-1099.2089218047272
-545.1568145427921
-4621.476035817386
520.0192533795264
-1273.4356742551063
1.6513013179064728e-11
-6579.317359198635
26.89564320263935
-1896.6675041218891
7.268852186825825e-12
-47778.99442198882
-34026.278042375016
-24657.437042497837
-16397.3392936213
61531.89737792186
68800.94137713508
34807.29600583173
37906.686165650746
7562.890025706522
-23042.774007298467
6325.732203509121
-12124.267015771247
12367.523323643441
-2222.329009278935
9201.258160671128
-1473.8073425431005
16741.433557016167
-105.14594903618308
12741.030048653778
-72.71843040642216
17927.929882680284
9612.172816916413
48474.90634025658
34379.39553051052
-26454.978482701717
-30471.304314661003
-61005.296070604236
-69449.90899979287
-7755.11157680448
5927.616073425766
-7832.7210860599225
21906.325100627917
-8167.699308145647
999.5433296060914
-11927.26275687896
2039.624042766197
-10105.20472475353
44.20735417614196
-15640.011135523582
93.05433717977667
1.6486811915683575e-14
1.772905617806234
4.366413264425612
-1.1136924715771102e-15
75.6093191143409
17.36434416525657
-187.066869901671
-47.582176825236914
-185.89031494962302
-159.98362598775321
471.40102143410536
384.5475349568818
2.9132252166164108e-12
104.33280938726645
-177.75424478836106
-367.14642612065865
3.126388037344441e-12
25.092937442063942
-97.4029741473106
-1.3500311979441904e-13
-4.39648317751562e-13
40.11924239857569
19.082911377114367
-7.494005416219807e-15
582.4310031424754
181.05556861989652
-301.19010925559223
-108.10096194507153
-1073.6827118632893
-1029.9077355899954
602.8953588794427
515.7625524706013
1.779199010343291e-11
562.6841012141208
-346.20107696586825
-537.9462070757712
1.3642420526593924e-11
125.3370109557842
-250.79349298308136
3.3928415632544784e-12
375.2921814948562
603.2466338852762
197.88850159477414
-1.6040502259784262e-12
9762.986599565349
2241.151067969159
-474.5956757394544
-545.1568145427896
-17528.96822098612
-18335.19925912343
-32.318427624710296
-98.98929481717315
-6302.012776114614
4376.202807751827
-2281.1150430583148
-1466.25376839426
-7793.960563973762
879.5525308839414
-2345.943028902247
3.092281986027956e-11
1330.3428368339275
-3575.6669662162567
191.20601118916125
-2066.985426202412
-66410.10026978386
-23295.37214462935
-37165.08137224789
-11857.336878124559
94798.04898527263
104439.1513521299
57321.86286619184
61607.654582589705
11104.147629784144
-36384.29355772182
9762.845745177732
-20640.69296534348
18973.606416132578
-3431.841080407623
14652.927027912763
-2375.674062351846
1158.2245922686484
1922.4345633832588
-1104.1608054512444
3632.8502477499205
25656.80042456752
6489.7606436345
64585.27634063168
22639.44308430566
-37221.56768173489
-43294.87593920161
-88909.86042878153
-100217.75206832681
-11137.771783834982
8409.431749641431
-11461.011362436286
32360.76603295619
-11970.78098163111
1440.574831686809
-17847.149603587022
3034.6126524148685
-1.1823875212257917e-14
0.7598166933455366
1.00295803521611
5.620504062164855e-16
-4.1744385725905886e-13
4.045601771679802
66.24834074363758
1.5276668818842154e-13
242.284006001753
65.81240550947575
-987.4588373525381
-367.14642612065904
-457.8332251343468
-441.3419173612999
1820.4666005406973
1634.6076866124772
3.588240815588506e-12
237.8039218370071
-687.7587036630666
-1410.4297105850953
-3.126388037344441e-13
17.193961027961226
4.396191938871965
1.0125233984581428e-13
-5.5848659030743875e-12
42.180110868244114
117.50173741868119
5.968558980384842e-13
1399.3230490835185
423.6404372104652
-1270.666515151121
-537.9462070757761
-2359.4968434014577
-2380.1153100090223
2121.6368967051862
1935.1936550302296
2.2794210963184014e-11
1187.75799466991
-1043.1812244556515
-1796.778710672803
160.8395063549352
258.5342716651391
52.57471022985533
3.147704319417244e-12
925.208993824036
522.1021075318772
562.6972505458812
7.275957614183426e-12
18720.948603705117
3949.5727384700594
-1586.6220401803423
-1466.2537683942833
-33302.874967906275
-35252.13367298378
886.189989885391
629.2283823730121
-11257.943036851042
8334.560918223147
-4710.598266144263
-3685.260066309231
-268.000573449126
-1532.4286998070509
-245.36021915127094
-885.8508969439423
1653.2251997698168
-2895.924042161053
59.25720063553581
-1717.7622727241119
-110529.31996198039
-36805.290453273046
-66598.1642266564
-20235.303974110015
161905.79022475728
176827.6287345891
104065.57799946511
111545.61175946673
17221.69228924105
-63534.76953264052
15765.555672208451
-38508.368672795026
496.3819681151283
823.9005271643165
346.5797839087436
1556.9358204643406
2434.7845570806385
1511.842136927334
-918.5834013070416
2891.7953742205636
39729.012938009095
9305.564433602163
101520.51791784556
33537.05867964949
-58788.2055567893
-67862.24447563768
-144032.4625863207
-160687.2046295483
-17291.128084578348
13649.214644240514
-17929.37333427358
53256.25275281149
-1.1102230246251565e-15
0.4221203851919632
0.4712398481961171
-1.196959198423997e-16
-1.1435297153639112e-13
1.91136110414921
14.366380248025653
3.6415315207705135e-14
-1.7763568394002505e-13
15.291620902113504
325.5029918409449
1.0942358130705543e-12
606.9632081388756
184.76404084645236
-3224.5206266791492
-1410.4297105850983
-987.9339210243875
-1013.8141769436808
5094.537054701032
4823.357617326949
-6.217248937900877e-14
9.552200571089589
2.0679293924749693
3.8968828164342995e-14
-1.3180567748349858e-12
19.927654505642955
26.85171692059726
2.0183854587685346e-13
-7.958078640513122e-12
98.43032231448467
455.1780199450201
2.6290081223123707e-12
3128.008039241229
996.3957694192883
-3804.832994332764
-1796.7787106728074
-4825.059396640378
-5063.628159279673
5681.388853567082
5399.342270936638
89.35528130829823
143.63015092507504
26.017267840369158
1.3216094885137863e-12
454.19350605907476
246.6604250767104
169.08957151442894
2.4789059693830495e-12
1961.653940751744
917.6338048798216
1436.371787371602
1.41824330057716e-11
36805.96878787902
7748.698105532811
-4194.950147665112
-3685.2600663092226
-62532.659038986516
-67826.9737909838
3213.954387094881
2502.411799090414
-231.85734418391678
-851.3492776705764
-168.71118634341133
-492.1393871910748
-816.4292189311002
-1368.1366356902531
-686.2758276626748
-811.5327465136052
2638.3193530179706
-4442.233629730797
142.8277180111636
-2787.177117059422
-194000.19353556246
-64124.165186412356
-124292.43595758482
-37955.710500484056
282016.61841777957
309430.6909107174
189746.78235212373
205678.14618780505
275.7677600639631
457.7225150912793
273.69540788064455
864.964344702406
1195.257873475953
714.2462198951891
1012.6985955921834
1366.1846351748336
4175.829310587087
2161.9750429912224
-938.8335502544505
4260.28811947788
64955.50885064389
14888.431388557656
169261.5023618072
54885.8858250103
-96105.87258435595
-111099.66322048742
-240521.69752447057
-268678.93287055177
-23.165085213333867
-19.824308271833402
5.963409805348275
1.7326344473087871
-3.7969627442180354e-14
19.018442081921464
11.636707782328433
-0.9137866605668619
9.192646643896296e-14
9.702628926539639
15.05358042755481
1.758593271006248e-13
1.7763568394002505e-14
6.161422640583794
10.976664998210666
-2.8421709430404007e-13
-1.6342482922482304e-13
2.4022487375471826
-3.277189172306521
-1.4068746168049984e-12
-319.43279547012605
-374.1773097116351
34.515868810996324
33.735798514733
1.5987211554602254e-14
166.30102653850344
-4.666585136659435
-24.03140243698841
8.206768598029157e-13
52.42097575670192
1.2781923339243875
1.3855583347321954e-13
5.400124791776761e-13
27.888992028197045
-9.619385605822828
8.526512829121202e-14
1.0516032489249483e-12
10.071024899070803
-35.21680870045782
-9.805489753489383e-13
-2238.9741339774637
-2778.5795106390415
357.97567991197377
356.24315289871606
-1.1745271422114456e-11
1017.2659680261553
-206.28736300545148
-329.08972211095045
-2.4300561562995426e-12
241.6006674062154
-121.94069635154221
-2.1316282072803006e-13
-5.8548721426632255e-12
107.22533176492283
-162.47728887976785
2.3305801732931286e-12
-8.412825991399586e-12
34.93987840630679
-250.78307871231868
-8.810729923425242e-13
-40021.51751402481
-55072.550572146414
-262.8071856982624
-1684.753014346599
-7304.353671242026
9805.336098404729
-2549.1892693991167
-2251.7530889691343
-6514.293724515788
2032.8135813765218
-1795.1001499258962
-3.2741809263825417e-11
-7500.9483442153905
796.3057726660343
-2091.9721527418933
1.6498802324349526e-11
-9606.182269210163
236.9644791047151
-2777.4685092329637
8.355982572538778e-12
245344.56366729288
320845.1456485739
140764.28401096276
186125.40150145272
8941.76798831216
-90992.00109606498
9934.595737897209
-48270.672840136365
17422.2825785599
-9192.78787637041
12909.37152862675
-5948.7511602907325
20070.64518640552
-3327.5539296554475
14903.449702024176
-2229.9005336866076
24551.34704685092
-924.3205360154989
18617.240975538367
-639.3895804939662
12.152175849617738
6.608102757277779
-8.606650908259397
-0.9137866605669608
-44.81114844546572
-29.72034508395194
58.957170453956884
36.27851716043147
4.796163466380676e-13
31.640609090770475
-1.3952997459623973
-37.00835975296202
6.048495038157853e-13
11.699642094302181
6.4146948716986
-2.3092638912203256e-13
1.049826892085548e-12
5.284109959029397
-6.6296354589353115
-9.663381206337363e-13
167.52475495766635
124.72576990387836
-39.356025127021596
-24.03140243698813
-289.61906789291504
-259.81522696885185
104.99242709910615
78.83961429624094
2.8848035071860068e-12
170.93197644935952
-34.00223981083501
-81.22614023702053
1.5063505998114124e-12
52.95465399921682
-18.753304323184082
4.4941828036826337e-13
1.4566126083082054e-12
22.151037981841483
-41.292680178423126
-3.694822225952521e-13
1174.1455675469442
926.1931702130007
-325.5277877237104
-329.08972211095147
-1522.3404599919122
-1589.1344041057437
337.7838966575468
322.5761850675118
-1.1368683772161603e-12
787.7428791978607
-267.5424033380746
-355.8496130092491
-3.410605131648481e-12
203.5841158662439
-197.7030283916825
4.142464149481384e-12
-6.45172804070171e-12
76.84095294048063
-272.5455605046981
1.7621459846850485e-12
17667.85544865168
9538.586804920931
-1103.790179933047
-2251.7530889691284
-26888.43587274958
-30250.546278674596
-669.1995105015604
-800.8765345272475
-7755.111576804487
6627.7344161261635
-2633.5186081067354
-1665.3761888833155
-8167.699308145642
1511.8421369273879
-2345.234615529475
2.4158453015843406e-11
-10105.204724753527
521.0829384069443
-2945.7421211746137
1.368505309073953e-11
-124357.07669633167
-91076.03023570325
-69388.85370986469
-47963.640522185895
148736.35547746794
172033.23399438002
88480.54551183007
101072.92576083558
13696.852687998911
-56130.86141728223
12166.342502883917
-30995.91919820512
21065.898894601698
-6317.390745718876
15851.442225540823
-4233.547490216639
25587.995564632954
-2032.3896408721212
19465.07841156497
-1405.9450355328718
1.3822276656583199e-14
1.3216205514555561
3.3846379976300667
-1.3634926521177704e-15
51.07711411792491
12.092597798335524
-147.33843423062248
-37.008359752962136
-125.50919119683442
-106.98065543983199
382.78644020817063
308.8480239124076
1.0373923942097463e-12
72.6647101424841
-115.46112643384373
-285.5583314271805
7.389644451905042e-13
20.808479400548634
-35.74326500794075
4.973799150320701e-13
-1.7852386235972517e-13
24.94515398077546
13.61364809261319
-4.6629367034256575e-15
330.08055531913317
105.70272287230046
-240.67804803116468
-81.22614023702047
-608.3420127064499
-577.8931979834449
515.9558415088006
436.8365803141346
7.02016222930979e-12
328.87726065125617
-192.4241652843857
-404.20818899014574
3.161915174132446e-12
87.22503168069215
-83.95055577081371
1.7905676941154525e-12
4.732214620162267e-12
185.23863404260254
93.96498957904106
-5.861977570020827e-14
1734.901295496095
646.4941248536855
-691.5532738624
-355.8496130092492
-2528.4617480450916
-2663.0406153001636
1028.8183698070889
943.0250950837334
-4.661160346586257e-12
1264.292470499365
-625.0889281994473
-957.0931191496811
-6.59383658785373e-12
302.55779746909775
-387.56296647426814
7.503331289626658e-12
1158.224592268642
1907.7173609841448
698.3162362841409
-2.007993771258043e-11
25049.960078500746
6231.158372907405
-1065.9478705198765
-1665.3761888833126
-38001.79098382101
-43074.11790321495
-148.61339407042067
-572.0610468962293
-11137.771783834954
9388.348697097244
-4232.224864736168
-3060.1801475726934
-11970.780981631098
2051.5960249979917
-3653.108904035915
3.467448550509289e-11
3200.1069934956467
-9528.90443492153
483.0218233685689
-5913.661752525009
-152710.2035862966
-56382.94883619546
-89643.20093410186
-30586.12504322632
197686.12035782228
227887.83834906152
121964.0967023514
138940.33744460598
17539.08697047508
-75516.53450742955
16166.324799945207
-43533.02862099628
28795.100100853873
-8001.415291446224
22286.921202699217
-5535.285061792388
-2.3314683517128287e-15
0.5664088077666731
0.7751665255343336
4.0592529337857286e-16
-2.255973186038318e-13
2.7967394247991253
51.04893691028894
1.092459456231154e-13
151.14268712962044
41.87085361281874
-781.2299776026131
-285.55833142718006
-285.5761324660165
-273.59100793230743
1473.7755268757608
1317.5735583045034
-3.339550858072471e-13
151.2970378764789
-477.12456406539854
-1097.0008860106313
-1.3855583347321954e-13
10.690780277475305
2.9925088230224213
4.163336342344337e-14
-2.8350655156827997e-12
24.445906592616566
84.56518815304756
3.4283687000424834e-13
732.5658776114979
226.17158714674454
-1006.2687686021036
-404.2081889901483
-1235.1401424845026
-1238.2322404686756
1766.0549488922945
1607.1042600148444
5.9117155615240335e-12
634.1964732793722
-632.9023638159188
-1350.0841889099934
1.4210854715202004e-13
79.387986018259
19.22963215771317
8.952838470577262e-13
6.252776074688882e-13
149.5132220702569
268.3236861813599
2.4584778657299466e-12
3044.6809199837944
1042.208146501017
-1894.6838335005025
-957.093119149687
-4477.948267954903
-4759.96261640667
2771.441729678342
2600.7235589832744
-4.291678123991005e-11
2199.7847834049758
-1422.7541092814035
-2405.5433839425136
496.38196811512574
817.5931547075577
177.7077160436373
5.4996007747831754e-12
2434.7845570806376
1441.0594015792558
1437.380276009212
9.805489753489383e-12
38775.40667990419
8768.163558119644
-2435.989821841931
-3060.180147572717
-59915.19477091364
-67641.48643965129
965.5046861695976
157.0166647981946
-17291.128084578337
14916.026143056051
-7282.346683826087
-5941.897760336709
-784.316144859753
-4083.8161863951486
-723.0062797826358
-2534.426465368003
2972.19198604795
-6989.623862820829
-336.82761695365116
-4390.614363072839
-217335.87295406606
-75936.68020561831
-133315.35549161103
-42901.685110058876
290092.61587626406
330586.03448990587
186481.14577607444
210266.09178468602
24481.389082337933
-112752.77504739376
23286.93571187943
-68041.21837820939
-6.106226635438361e-16
0.3146715598703742
0.36379102287452775
2.498001805406602e-16
-5.10702591327572e-14
1.3175737775148835
10.939417503318325
3.219646771412954e-14
6.750155989720952e-14
9.515081885978296
249.44410104292058
9.805489753489383e-13
353.3624883771656
108.85888452157923
-2558.1032725671967
-1097.0008860106345
-575.1396976326868
-587.9732452499231
4115.414723639247
3894.1196550449554
-1.2434497875801753e-14
5.939322376375175
1.3811843408371325
1.709743457922741e-14
-6.590283874174929e-13
11.516599102402925
18.34770379235372
1.0369483049998962e-13
-3.822719918389339e-12
51.39623648300835
327.49101474658573
1.6413537196058314e-12
1528.3084636604322
492.6737435043849
-3007.8774528518343
-1350.0841889099968
-2357.4140305695705
-2464.6081503808414
4668.481200279233
4450.051757904743
4.547473508864641e-13
44.104436676810735
8.60027482411939
3.2152058793144533e-13
8.526512829121202e-14
70.43617642188956
61.784830501450266
8.01136934569513e-13
2.020783540501725e-11
236.8325335927517
695.2998609030423
5.229594535194337e-12
5540.752445475824
1893.891214901059
-4638.828012886163
-2405.5433839425104
-7905.238691846218
-8548.693216082149
6471.042164178896
6231.096997574976
275.7677600639631
454.2184192819697
86.6922404771126
1.5276668818842154e-12
1195.2578734759568
678.8867076375989
439.9157748710828
3.7623237858497305e-12
4175.82931058708
1992.4699216532554
2736.2452172513676
1.2647660696529783e-11
63655.13668050077
14063.135961715512
-5361.023996997846
-5941.897760336681
-97579.62771051849
-110878.90518450123
3431.7836725844527
1907.9344490200965
-649.1326824201801
-2268.786770219507
-493.7323089703532
-1408.0147029822147
-2159.1161176846604
-3292.8267354384143
-1825.7831479462623
-2068.4284970846347
3788.9083950717613
-9009.764967099183
-701.3503541558821
-5830.477771877713
-330038.4847992314
-113340.97902485817
-211259.1920336318
-67176.80431382568
444834.7044592475
505177.7279490441
296385.69280006277
333978.20441102656
