275.50667816094307
163.36647219793252
266.71330875021147
71.27535952422306
-190.52451872820708
-427.0316894817953
-259.7171120427819
-539.4996443987336
-32.58302149679321
-266.99958604162083
-60.633372128983865
-335.07251433475665
-20.88655224152808
-578.676393651951
-39.35850471528829
-698.2896578149666
-15.569975307309505
-973.9698771275804
-29.49470255077904
-1163.774956179655
543.6116843712861
588.2500839881104
48.62532680979581
68.53399954252565
-231.6449184537242
-402.09499411845457
-29.78481437914568
8.224079945105046
1.8189894035458565e-12
119.35200619071557
-8.5099469654659
158.4506069423109
2.4726887204451486e-12
107.93449401204276
-4.964135729857617
321.6790127098725
1.7053025658242404e-12
178.2253665609191
-3.545811235614565
551.5355201279222
1882.8835222885423
2096.638183617667
439.326012092402
489.0586207354571
-691.6451233831323
-1333.083192140874
-126.58546111137036
-301.5495979871085
6.536993168992922e-13
216.7908989453445
-29.14656835673467
9.805489753489383e-13
1.0231815394945443e-12
36.53198661605313
-15.246988313133926
1.1368683772161603e-13
4.206412995699793e-12
28.330571277577526
-10.282852583278896
1.9397816686250735e-12
4700.818826144944
5279.35834870344
1002.0462551840521
1149.4914026125919
-1650.1028975566644
-3260.7280122692373
-242.53348851587708
-636.7787614636393
2.8421709430404007e-12
497.9433372616765
-46.68313763915401
-9.118039656641486e-12
7.958078640513122e-13
61.63633016418851
-21.57879409101448
1.0960121699099545e-12
-1.7053025658242404e-12
22.519738804180832
-13.455662896698584
1.2931877790833823e-12
9592.285591554053
10807.793819384828
1785.3159571308322
2071.4238185537542
-3301.054311298137
-6597.14297709496
-400.3220885006341
-1099.415893613534
4.604316927725449e-12
983.5758021112922
-69.54855466422511
-4.561684363579843e-12
2.9558577807620168e-12
115.7561545021664
-29.36269399395139
1.6342482922482304e-12
7.958078640513122e-13
34.790394655913104
-17.09203814222562
2.2026824808563106e-13
-225.61392649398252
7.446203594786348
-215.03989047407114
1.0965439926804277
4247.776453931005
1527.9247123445266
5375.138429977604
1805.8513068027423
-2587.778552249989
-5708.764616329639
-3541.693867800269
-7397.076909099308
-472.64368945116894
-1745.1838208732606
-649.1735679455714
-1987.1323394281262
-293.8781718326645
-3239.068808672724
-406.71446707805444
-3837.9393938842204
-231.6449184537249
-52.1234251635026
74.46203594786046
-2.741359981700686
967.7000735404208
661.6483765652911
-1335.223432654809
-457.80711694404846
-856.6749942815371
-930.0662871011534
460.9554606296656
1813.6054393223974
1.6257217794191092e-11
719.1549878774097
148.47278682942647
1250.9739383161732
2.148681232938543e-11
663.7039552466291
90.38099268404494
1895.2766055304905
-691.6451233831328
-307.8473314758716
-34.252536536022006
-1.3855583347321954e-12
2207.2647326946594
1553.490818546547
189.55906865586314
117.33020721681282
-1382.4678387717804
-2116.45420298012
-93.963997743747
-183.12284677763964
3.865352482534945e-12
544.1079575695072
-26.21966235497412
8.44124770082999e-12
-9.094947017729282e-13
150.97568323582573
-14.8224828001687
6.73594513500575e-12
-1650.1028975566644
-899.5723104748783
-151.90255333362518
7.609912699990673e-12
4351.843700474426
3260.5253944843516
709.0001528945448
482.6360059211445
-2481.9098405756613
-3997.3956236908543
-294.8088770180487
-623.6202335514604
3.410605131648481e-12
881.5592824013509
-72.83740970899782
-2.2453150450019166e-12
6.366462912410498e-12
148.21951459826403
-38.11495577187043
-8.526512829121202e-13
-3301.0543112981404
-1960.5435014653149
-310.2584831160749
7.066347507134196e-12
7891.283590267885
6115.04158764207
1341.6843171094943
955.2986831469739
-4298.909344637344
-7075.7891193221985
-503.5896195340019
-1121.3467734671312
6.821210263296962e-12
1486.2321518482645
-113.64862254264413
1.1652900866465643e-12
2.2737367544323206e-12
220.04309687338701
-55.519752648724264
2.5721647034515627e-12
-47.62133911068962
9.573690336153689
-41.4859914566659
2.6630354107951284
-2671.3247612160667
-72.33454920650209
-3435.31953073181
-113.25732952970876
25893.308028369138
12026.073942583967
33565.24207387016
15561.098522620323
-12736.214697360734
-29290.980981169807
-17583.818033514457
-38269.947674796786
-2182.2912445095153
-5462.85779952878
-2850.750407019087
-5786.0025609857
2.788880237858393e-13
11.275679729247964
36.167274603247364
-1.6448159890204188
-856.6749942815418
-159.56150560256597
709.1622471225063
-48.95285681608726
2248.4634569910977
1838.8254721410449
-9217.718307603514
-3957.610026915535
-2775.626981472156
-2273.2617361518874
2824.870944175773
10276.860142308884
-4.5929482439532876e-11
2542.3838497582697
848.8672098054908
4454.709970263918
1.20614629395277e-12
-12.126674425794661
10.424685032700552
-3.2240876635114546e-13
-1382.4678387717768
-309.822854878582
125.87629886423005
-2.9025670755800093e-12
4395.339945517387
3080.8264440333182
-648.722282879042
-395.85238135757436
-3060.180147572685
-4362.463634527833
329.8720263843635
637.0920597472079
-1.0459189070388675e-11
1336.4440260910303
92.447481553731
1.6370904631912708e-11
1.907807245515869e-12
-83.85337027761271
-7.841308275325918
4.050093593832571e-13
-2481.9098405756617
-658.5078008994749
-79.02093610791512
5.137223979545524e-12
6885.800218416904
5077.409816494755
338.4637997629488
225.104816783051
-4244.212685954755
-6531.830621887988
-151.52763958617447
-309.6953533612487
-1.6370904631912708e-11
1600.7602016996489
-39.17848660641312
-2.0818902157770935e-11
5.9756644077424426e-12
-222.64471094886878
-30.949866642274188
-2.3661073100811336e-12
-4298.909344637332
-1257.4828126379055
-289.15246385648317
-1.3073986337985843e-12
10817.299681558674
8298.004157523153
1118.8108936609951
782.9846271543372
-6254.412798250545
-9944.48646426344
-457.79398557685954
-976.185235388477
-1.2732925824820995e-11
2253.253938347535
-110.54748413797813
-7.631228982063476e-12
-30.912097317465182
7.446203594786226
-26.593584267093547
2.140871604756884
-509.8597279905324
31.46101605416012
-601.7886359786379
26.38825997969552
-12865.039446151197
-260.61712581756774
-17419.79326901397
-631.4023000091138
92574.08176604987
49144.62161570838
120758.77483395001
64654.2888699023
-39848.13455800564
-94904.81213148996
-55293.308608133
-124544.78196885617
0.0
13.11950157176647
24.820678649287334
-1.174868563585969
1.6200374375330284e-12
-21.0814595280965
259.0376280852928
-31.982533119843687
-2775.626981472152
-770.9163931525329
3207.5953946770624
-504.1610220891657
4695.949648653708
4568.6364405549575
-33942.078663264685
-16616.648092157375
-7304.353671242032
-5110.690044651457
9290.234014435866
33984.63969314559
3.694822225952521e-13
11.88353308392422
11.133847279823126
1.4921397450962104e-13
3.353761712787673e-12
-28.456746898170785
71.70919704312338
-2.078337502098293e-13
-3060.1801475726843
-765.8550575622318
668.8565396854704
-6.231459792616079e-12
8955.70976193315
6436.456730250125
-3238.869449775095
-2031.8960184365856
-6514.293724515772
-8950.356936870368
1576.5803070042098
3106.5091312633094
9.094947017729282e-13
-5.622643530756363
4.315758818203079
8.029132914089132e-13
3.865352482534945e-12
-73.4888565870933
23.28630942369462
3.907985046680551e-13
-4244.212685954753
-1140.2411486067633
181.2083112577727
1.2008172234345693e-11
11714.353365613948
8616.559343012888
-774.634287814634
-513.6525359999165
-7500.948344215397
-11258.603679935213
348.4823282360728
711.0304546824347
1.9326762412674725e-12
-45.49843759081625
-3.6302353126508535
-1.2789769243681803e-12
8.071765478234738e-12
-158.4655275842818
-18.12661683175149
-1.4139800441625994e-12
-6254.412798250562
-1790.284150368866
-127.14088888530523
1.7905676941154525e-12
16037.988353203033
12173.241093630175
495.84078809373557
343.3227024700824
-9606.18226921016
-14967.625791660901
-208.05568867780113
-438.35651516902686
-23.165085213333885
5.963409805348267
-19.82430827183341
1.7326344473087847
-319.4327954701263
34.51586881099634
-374.1773097116351
33.73579851473302
-2238.974133977463
357.97567991197366
-2778.579510639042
356.24315289871583
-40021.51751402481
-262.80718569826695
-55072.55057214641
-1684.7530143466001
245344.5636672929
140764.28401096276
320845.14564857393
186125.4015014527
-7.993605777301127e-14
11.636707782328422
19.01844208192146
-0.9137866605668157
-6.394884621840902e-14
-4.666585136659421
166.30102653850338
-24.031402436988426
-1.1652900866465643e-11
-206.2873630054516
1017.2659680261554
-329.0897221109506
-7304.353671242027
-2549.1892693991167
9805.336098404729
-2251.7530889691325
8941.767988312164
9934.595737897213
-90992.00109606495
-48270.67284013637
2.3447910280083306e-13
15.05358042755477
9.702628926539628
1.509903313490213e-13
5.826450433232822e-13
1.2781923339244088
52.42097575670195
2.7844393457598926e-13
-3.069544618483633e-12
-121.94069635154271
241.60066740621522
-3.270717030545711e-13
-6514.293724515787
-1795.1001499258953
2032.8135813765205
-3.097255785178277e-11
17422.282578559894
12909.37152862674
-9192.787876370401
-5948.751160290723
5.613287612504791e-13
10.976664998210396
6.16142264058378
4.831690603168681e-13
1.028510610012745e-12
-9.61938560582287
27.888992028195773
2.0339285811132868e-13
-6.934897101018578e-12
-162.4772888797683
107.22533176492247
1.1795009413617663e-12
-7500.948344215402
-2091.972152741889
796.3057726660386
1.719357989315995e-11
20070.645186405494
14903.449702024154
-3327.5539296554316
-2229.9005336865985
-8.526512829121202e-14
-3.277189172306379
2.4022487375472252
-9.094947017729282e-13
1.0373923942097463e-12
-35.21680870045773
10.071024899070991
-8.881784197001252e-13
-7.958078640513122e-12
-250.78307871231812
34.93987840630653
-4.831690603168681e-13
-9606.182269210161
-2777.4685092329673
236.96447910471443
6.153300091682468e-12
24551.34704685092
18617.240975538367
-924.3205360155001
-639.3895804939777
-311.14435792305227
-225.98419242256932
-63.067727112000284
-19.18951987190608
174.6246308343435
398.32091394846054
52.123425163501196
139.80935906674415
50.12772537967638
188.28257661102333
20.211124042994186
158.4506069423117
31.747559407123845
363.09107052671516
13.119501571766477
321.6790127098716
23.544840708635093
597.9204782670623
9.831567516920131
551.535520127926
2044.4671120670741
2150.214584194515
1256.506423224217
1205.6501199520578
-662.5867075771014
-1576.8015114315117
-498.58485402017646
-1135.4713044205173
-65.1660429935805
-126.58546111137025
-90.20543783398898
-196.98629582793723
-36.76033194509091
-365.6237928378687
-54.3218281295799
-413.6842753338151
-25.82337368043045
-563.8235890294471
-39.39073936288332
-648.4016530917199
2081.7757160085084
2322.1517782026062
-355.93490871705444
-369.10454039328187
-823.3870516465859
-1485.69490772163
10.424685032694434
255.29893886724795
3.296918293926865e-12
317.0056553530003
2.583376757376925
171.33499885630758
3.467448550509289e-12
114.41826312859467
1.4081936050006334
237.910884126184
1.7053025658242404e-12
129.7291067436327
0.9716443775514563
347.8263652972434
5075.604271400729
5698.795583228774
800.6441770012616
918.4861348212622
-1796.7787106728083
-3526.960413698045
-193.74312591385006
-508.74419622305726
2.9274360713316128e-12
552.2117479752421
-37.28167242015401
-5.720757201288507e-12
1.5916157281026244e-12
76.73074114536826
-17.22926564199568
-1.5916157281026244e-12
3.183231456205249e-12
35.81760542598397
-10.741812565720977
1.7763568394002505e-14
10066.627591398032
11340.597829918703
1630.2028328965969
1891.4576893308322
-3472.537652144793
-6927.741522844413
-365.5344568145142
-1003.8883987706865
5.6843418860808015e-12
1038.8762883109785
-63.503176754992644
-5.4143356464919634e-12
2.7284841053187847e-12
125.19653744954371
-26.809709904309628
-1.2221335055073723e-12
3.410605131648481e-12
40.17434292905202
-15.605616210635048
-5.329070518200751e-13
121.99051918568858
-22.33861078435882
37.23101797393041
-2.7413599817008976
-2586.8256033038733
-932.1730287971584
-1421.3866456801898
-413.9453572368325
1377.794472707777
3389.4728445534124
629.3814943212581
2032.914237858473
331.2227430012042
1243.6127042720782
216.3911893152042
1250.9739383161682
205.85669041416986
2018.7235689534054
135.5714890260333
1895.276605530487
-750.3102269915312
20.211124042993344
-453.9076324514592
57.568559615719984
5770.876059764028
3026.127843452059
5119.606681389125
2320.678711366177
-2816.0946764402306
-6207.178386843066
-2788.167798332076
-6010.131515690775
-383.32519695643623
-882.9327853855702
-480.79910969008097
-1106.2206373949712
-225.7325087989757
-1845.2406629304146
-292.3523843351686
-2130.6059738750528
-823.3870516465863
-424.43360490281316
152.1153020077678
-111.02507925888844
2226.375927995635
1667.0378252000917
-1897.3510239710688
-940.63893429247
-1645.7950461568698
-2140.808860724137
425.7506205046352
1927.7635014175075
1.5347723092418164e-11
923.577913034975
119.45515706305957
925.2089938240526
1.4551915228366852e-11
509.6315496347951
67.74270594508107
1195.257873475978
-1796.7787106728088
-996.1473146739243
-90.06360538454173
9.027445457832073e-12
4659.4361577804675
3507.851714602858
420.14823875230366
286.0935493283395
-2702.524048626822
-4288.3903744066265
-174.5889913153696
-369.43089277203114
7.048583938740194e-12
997.3142089169473
-43.112766672034695
-7.958078640513122e-12
6.821210263296962e-13
200.21213128272933
-22.55220960304638
-9.094947017729282e-13
-3472.537652144792
-2071.936525205636
-269.02392191066247
9.229950137523701e-12
8264.458361014273
6410.907761101283
1163.3401428474435
828.3274332932431
-4522.229310592524
-7416.326327187
-436.6336515264643
-972.2737537869091
8.640199666842818e-12
1576.7665355126414
-98.53467541141211
-1.8616219676914625e-12
-1.3642420526593924e-12
243.76459443451932
-48.13485606901506
5.826450433232822e-13
27.570248958820336
-15.105155863709129
13.82866381888867
-1.6448159890205254
1252.4751592585606
-32.621463367631634
593.9233819651025
-48.9528568160865
-13925.793035284962
-6304.433571851212
-9302.334257544242
-3826.024747793901
5977.3820773024945
15576.081939918644
3070.908090926586
10583.892460259396
1259.1699017485157
4028.083716656467
950.2501356729781
4454.709970263916
-102.7618370283306
88.71619711502423
-71.05805716167427
59.60499845926796
-3024.9601988554896
-56.22643530758086
-2681.7934612636404
-26.76089505947016
20973.323998734882
11180.284712664023
21875.334323817202
10967.59266576769
-9741.173480430185
-21900.21100135835
-10696.798888665217
-23706.64594416831
-1380.6332363223555
-2568.791464904647
-1661.3053004858584
-3095.5321891269377
2.8776980798284058e-12
-49.20572906105744
63.30792688954986
-66.61504755533205
-1645.7950461568696
-441.2002266026527
763.1092323500366
-165.46065603837684
4050.1896697260336
3176.6400965557623
-7660.390413891803
-3825.6200708442093
-3643.071604253198
-4065.0122248605994
1995.1139212183134
7639.611316380572
-2.2509993868879974e-11
2366.407469764309
558.858036391912
2809.3667966315425
2.8492763703980017e-12
-101.27481581861346
7.152407806692715
1.7053025658242404e-13
-2702.524048626822
-733.9061766108566
72.26700994489056
6.199485369506874e-12
7320.686717747672
5445.345294060231
-310.5271051794734
-206.20248700456816
-4621.476035817386
-6959.4619188601455
139.37765703066026
284.5270579103164
-9.094947017729282e-12
1834.2878255947571
36.10181347274158
-2.665956344571896e-11
5.314859663485549e-12
-239.93863480706966
-22.141518939053412
-3.836930773104541e-13
-4522.229310592513
-1331.4567239221678
-206.84666366014338
1.9753088054130785e-12
11311.084797612513
8694.022314090269
800.2739669576506
560.0871391876883
-6579.317359198618
-10406.561496569462
-327.4262506751366
-698.2232006032524
-1.0913936421275139e-11
2399.194458654211
-79.06068036574194
-1.4054535313334782e-11
16.709241793224404
-10.992014830398665
8.86452808903117
-1.174868563586089
275.39868519196745
-47.552552134322276
200.5962119928805
-31.98253311984332
5784.144954116896
-229.02717117295015
3016.2331694264394
-504.1610220891664
-47778.99442198881
-24657.437042497833
-34026.278042375016
-16397.3392936213
17927.929882680284
48474.90634025658
9612.17281691642
34379.39553051052
-61.824194634930635
72.48651254516405
-41.55690768137826
45.55879207683872
-476.3652933050238
112.96309903709263
-433.41417772319755
86.08819731278932
-10063.23535240629
-301.31609595521195
-10532.774124164724
-292.01171008810843
61531.89737792185
34807.29600583173
68800.94137713508
37906.686165650746
-26454.978482701714
-61005.29607060423
-30471.304314660978
-69449.90899979287
7.389644451905042e-13
-10.688088153061173
41.89122702645025
-47.58217682523686
8.29913915367797e-12
-81.15456278218062
269.73308415780616
-108.10096194507175
-3643.0716042531903
-1099.20892180473
2515.3067457771804
-545.156814542792
7562.890025706529
6325.732203509118
-23042.774007298478
-12124.267015771245
-7755.111576804484
-7832.72108605992
5927.616073425772
21906.325100627924
1.4210854715202004e-12
-13.24230022927702
12.393454509235909
-2.842170943040401e-14
6.87805368215777e-12
-91.03924071847922
66.85036116208155
7.638334409421077e-13
-4621.476035817386
-1273.4356742551063
520.0192533795266
1.6704859717719955e-11
12367.52332364344
9201.258160671132
-2222.329009278931
-1473.8073425431014
-8167.699308145642
-11927.262756878969
999.5433296060937
2039.6240427662015
2.8990143619012088e-12
-51.95339625310487
0.7647286396455542
4.689582056016661e-13
9.663381206337363e-12
-172.34892053212204
3.8249828199477705
-4.156675004196586e-13
-6579.317359198636
-1896.6675041218875
26.895643202639718
7.489120434911456e-12
16741.43355701617
12741.03004865377
-105.14594903618568
-72.71843040642096
-10105.204724753536
-15640.011135523571
44.20735417614472
93.05433717977314
12.152175849617734
-8.606650908259395
6.608102757277777
-0.9137866605669602
167.52475495766646
-39.35602512702157
124.72576990387839
-24.031402436988152
1174.1455675469435
-325.5277877237106
926.1931702130007
-329.08972211095164
17667.855448651677
-1103.790179933043
9538.586804920931
-2251.7530889691266
-124357.07669633167
-69388.85370986469
-91076.03023570325
-47963.64052218589
-44.811148445465726
58.957170453956955
-29.72034508395194
36.27851716043147
-289.61906789291527
104.99242709910612
-259.8152269688518
78.83961429624092
-1522.3404599919122
337.78389665754673
-1589.1344041057444
322.5761850675118
-26888.435872749575
-669.199510501558
-30250.546278674596
-800.876534527243
148736.35547746794
88480.54551183005
172033.23399438002
101072.92576083557
5.258016244624741e-13
-1.3952997459627028
31.64060909077055
-37.00835975296202
2.9558577807620168e-12
-34.002239810835164
170.9319764493595
-81.22614023702056
2.2737367544323206e-13
-267.54240333807405
787.7428791978609
-355.849613009249
-7755.11157680449
-2633.5186081067404
6627.734416126163
-1665.3761888833164
13696.852687998919
12166.342502883906
-56130.861417282234
-30995.91919820512
7.958078640513122e-13
6.414694871698288
11.699642094302362
-4.476419235288631e-13
1.4317436125566019e-12
-18.75330432318418
52.954653999217015
2.751132655021138e-13
-4.092726157978177e-12
-197.70302839168306
203.5841158662438
4.076738946423575e-12
-8167.699308145638
-2345.2346155294736
1511.8421369273892
2.5210056264768355e-11
21065.89889460169
15851.442225540817
-6317.390745718877
-4233.547490216637
5.115907697472721e-13
-6.6296354589359225
5.284109959029706
-4.192202140984591e-13
2.0961010704922955e-12
-41.29268017842227
22.151037981840858
-8.526512829121202e-14
-7.73070496506989e-12
-272.54556050469694
76.84095294048193
5.968558980384842e-13
-10105.20472475353
-2945.742121174611
521.0829384069484
1.2470025012589758e-11
25587.99556463297
19465.078411564973
-2032.3896408721125
-1405.9450355328781
29.254227233292582
26.593584267092716
-7.4462035947859775
-2.1930879853606613
6.8533999542529775
-25.52984089640855
10.424685032700253
14.255071904844186
-6.536993168992922e-13
-38.933007367024665
4.042224808598206
1.3322676295501878e-13
-3.126388037344441e-13
-58.67811050476341
2.623900314352966
5.684341886080802e-14
4.263256414560601e-13
-91.21944774837289
1.9663135033848675
2.9949376312288223e-12
-3939.269023228449
-4247.18122501017
-691.0140704824455
-692.4283690921916
1043.4790958917129
2835.262548427183
174.45391279213055
559.8248705487723
196.75132211522526
307.2192163427174
53.73423655339856
171.3349988563069
110.69872688010719
481.723783581067
32.317536690296265
237.91088412618387
77.65999878895946
671.5566932431745
23.420773953666867
347.8263652972432
13186.932436476973
14912.686634848546
10378.450340016318
11552.221503839137
-3298.4957086485815
-8639.350270502084
-2717.6061547432746
-7042.814874892636
-286.9812277986408
-56.249460055863665
-329.5071726808534
-210.14482374010777
-140.7753621079155
-589.6331038683238
-172.7485464359479
-632.3664773026367
-91.33119661977707
-795.2210812890203
-116.6510497187719
-867.5395616549217
5985.094947927074
6653.2089476183355
-4392.242321953658
-5103.706178053208
-2450.1527872811057
-4333.655777929669
535.2240886919501
2557.148898082156
6.366462912410498e-12
924.1797445323768
103.15087230873829
460.82261292391513
6.366462912410498e-12
252.3724947976541
47.72876820785132
437.16859251039233
3.637978807091713e-12
212.22442906383296
29.78286076413815
517.0074384536503
11718.63446981177
13183.239388417482
623.2420337481283
723.1515928230829
-4113.621526386907
-8106.795666745569
-139.7074422713718
-383.752056739017
7.87281351222191e-12
1261.8213128228363
-24.260787616419762
-1.1105782959930366e-11
2.2737367544323206e-12
171.67223981800726
-10.238219994297822
-1.5063505998114124e-12
3.296918293926865e-12
70.72883868391017
-5.957548960331337
-7.247535904753022e-13
6.853399954252465
10.850182380974067
7.446203594785908
-1.6028844918025698e-14
121.01146204936289
29.784814379142954
-155.093783445687
-58.11683161205744
79.22530347115188
-137.42551260308892
125.87629886424236
202.86063864586245
-7.489120434911456e-12
-261.8742770737783
43.278237863031165
1.9326762412674725e-12
-1.1874945471390674e-11
-320.6529171718132
27.11429780519188
4.689582056016661e-12
920.6661687115147
-330.11502603552833
122.1177389544915
-111.02507925888679
-8341.853991554655
-4455.193055326916
-2155.840663047232
-959.4368313098552
3472.0629577758355
8510.746545735554
736.5156480829748
2375.153450431102
712.6871380306279
1488.4148979854644
236.56363178106176
925.2089938240483
419.5217380508602
2241.811417750003
143.817678644215
1195.2578734759727
-3456.3980435945573
167.7813407396823
-2672.9289331745435
333.8976457711801
18831.213441674885
11970.839444967647
17082.810797627142
10200.54827552848
-7296.912837006295
-17152.41241722986
-7152.19335838675
-16372.576679281448
-906.2105384358138
-1176.2422907953987
-1077.292667556897
-1413.651698615493
-493.3462063373099
-2583.7200891108914
-610.4303553497994
-2824.0205205191087
-2450.152787281103
-1731.0080146956525
733.3382328199002
-856.6749942815215
4889.784886744301
3926.9299047457284
-7159.044939824145
-4405.755926712081
-3685.26006630928
-4747.466826655293
1425.845912017704
5977.096347807573
3.035438567167148e-11
1934.517066662294
352.5630392602757
1700.1000819848327
2.2282620193436742e-11
834.4573304947118
184.5963305121777
1776.625561231619
-4113.621526386907
-2538.1169742518223
-16.048391244112295
2.291500322826323e-11
9503.015572657408
7414.615623812228
69.21175573079671
49.35981595017593
-5357.102414086525
-8585.228328229747
-25.874503666817958
-57.73342462153451
1.5006662579253316e-11
1958.7160449054809
-5.816528012522639
-1.8758328224066645e-11
3.637978807091713e-12
368.2768190253057
-2.832359127373593
-3.552713678800501e-12
3.6637359812630166e-15
6.169711549965676
2.765732763777732
-2.2065682614424986e-15
79.22530347115665
37.24114886317577
118.78467639301665
-2.042810365310288e-13
454.36083582417837
72.36678385408725
-987.1860826420857
-501.12060465491476
375.29218149486434
-443.6975262240978
614.1816181853131
1093.2543607022815
2.3305801732931286e-11
-897.027261067716
190.0500271346204
1.0800249583553523e-11
144.11721046656245
-252.77581754219247
31.3044477658362
-66.61504755533173
3179.651226394345
-297.34159932920716
611.9057103742809
-165.46065603837476
-24919.168725711654
-13243.63904968102
-7914.238263714096
-3701.5539505295324
10213.873220331758
25260.5157284018
2433.294363526905
8229.865282726278
1933.2914086332298
4006.1344012315585
731.0371748990374
2809.3667966315393
-354.65365706119263
580.0624834986095
-310.3597920085396
490.0768401572134
-7672.870777353785
183.16954750889568
-7045.819021318337
218.23836273365987
42175.467297691706
25425.974955168615
43076.59293605351
24810.26909049094
-16949.256851429163
-39919.67908757719
-18499.224023623872
-42263.475633727154
-2273.3887454399446
-3346.216777283371
-2735.211511680269
-3696.4996422342447
5.5990767577895895e-12
-361.6772092913791
188.05693407785327
-514.0049965689218
-3685.2600663092912
-1340.663789420284
1897.5462551794594
-823.3870516465729
7131.621792917044
5999.106484152164
-16214.196931260662
-9249.971614618717
-6302.0127761146305
-7139.771567215115
3648.860670219098
14408.297313519173
-3.54702933691442e-11
3820.927363732735
944.2619299849002
4175.8293105870625
7.403855306620244e-12
-334.4364524840739
28.73594853812139
2.7124968937641825e-12
-5357.102414086509
-1648.630920432609
268.55180830285667
1.6064483077116165e-11
12917.081741723978
10039.468595981403
-1039.573020414388
-727.3614015783809
-7793.960563973745
-11956.096785730215
425.5595113782699
907.2559614964397
-9.549694368615746e-12
3029.0040408865584
102.8008688865996
-3.8198777474462986e-11
2.042810365310288e-14
4.366413264425617
1.7729056178062335
-1.222980050563649e-15
-4.0678571622265736e-13
19.082911377114364
40.11924239857573
-1.765254609153999e-14
375.29218149485587
197.88850159477408
603.2466338852762
-1.5347723092418164e-12
1330.3428368339269
191.20601118916096
-3575.666966216259
-2066.985426202413
1158.224592268654
-1104.160805451243
1922.4345633832588
3632.850247749925
75.60931911434093
-187.06686990167088
17.364344165256576
-47.58217682523694
582.4310031424752
-301.1901092555922
181.05556861989652
-108.10096194507149
9762.986599565347
-474.59567573945515
2241.1510679691596
-545.1568145427893
-66410.10026978387
-37165.08137224789
-23295.372144629342
-11857.336878124563
25656.80042456752
64585.27634063168
6489.760643634498
22639.443084305654
-185.89031494962296
471.4010214341056
-159.98362598775304
384.5475349568828
-1073.6827118632891
602.8953588794429
-1029.9077355899947
515.7625524706015
-17528.96822098612
-32.31842762470933
-18335.199259123423
-98.98929481717369
94798.04898527262
57321.86286619185
104439.1513521299
61607.65458258971
-37221.567681734894
-88909.86042878154
-43294.875939201636
-100217.75206832682
2.3874235921539366e-12
-177.7542447883627
104.33280938726654
-367.1464261206593
1.7621459846850485e-11
-346.2010769658684
562.6841012141205
-537.9462070757712
-6302.012776114616
-2281.1150430583148
4376.202807751827
-1466.2537683942605
11104.147629784131
9762.845745177729
-36384.2935577218
-20640.692965343478
-11137.77178383497
-11461.011362436278
8409.431749641433
32360.7660329562
3.410605131648481e-12
-97.4029741473098
25.092937442064347
1.4566126083082054e-12
1.4438228390645236e-11
-250.79349298308057
125.33701095578404
3.4994229736184934e-12
-7793.960563973762
-2345.943028902248
879.5525308839441
2.9046987037872896e-11
18973.606416132574
14652.927027912776
-3431.841080407625
-2375.6740623518426
-11970.780981631107
-17847.14960358703
1440.5748316868132
3034.612652414865
1.2212453270876722e-14
3.3846379976300662
1.3216205514555568
-1.7850304567801345e-15
-1.7852386235972517e-13
13.613648092613193
24.945153980775462
1.7763568394002505e-15
4.703792910731863e-12
93.96498957904103
185.23863404260265
-2.842170943040401e-14
1158.224592268641
698.316236284141
1907.717360984148
-2.105515761741117e-11
3200.106993495647
483.02182336856384
-9528.904434921533
-5913.661752525013
51.07711411792485
-147.33843423062243
12.09259779833555
-37.00835975296213
330.0805553191328
-240.67804803116476
105.70272287230054
-81.2261402370205
1734.9012954960938
-691.5532738623999
646.4941248536853
-355.8496130092491
25049.960078500753
-1065.9478705198803
6231.158372907405
-1665.3761888833121
-152710.20358629656
-89643.20093410186
-56382.94883619546
-30586.12504322632
-125.50919119683454
382.7864402081709
-106.98065543983193
308.8480239124076
-608.3420127064494
515.9558415088005
-577.8931979834456
436.8365803141349
-2528.4617480450925
1028.8183698070882
-2663.040615300162
943.0250950837337
-38001.79098382102
-148.61339407041714
-43074.117903214945
-572.0610468962254
197686.12035782228
121964.09670235144
227887.83834906155
138940.33744460595
1.0658141036401503e-12
-115.46112643384359
72.6647101424845
-285.55833142717995
6.52278231427772e-12
-192.42416528438594
328.87726065125617
-404.2081889901457
-5.5706550483591855e-12
-625.0889281994474
1264.2924704993643
-957.0931191496811
-11137.771783834953
-4232.224864736171
9388.348697097246
-3060.1801475726925
17539.086970475106
16166.324799945225
-75516.53450742955
-43533.028620996265
-4.263256414560601e-13
-35.74326500794098
20.808479400548308
5.577760475716786e-13
2.7124968937641825e-12
-83.95055577081462
87.22503168069207
2.3163693185779266e-12
-6.59383658785373e-12
-387.5629664742677
302.5577974690983
7.752021247142693e-12
-11970.780981631098
-3653.108904035911
2051.5960249979894
3.494449174468173e-11
28795.10010085388
22286.921202699214
-8001.41529144623
-5535.28506179238
5.07804301372245
5.318716853419008
-3.19123011205137
-0.9398948508689058
2.9371714089650007
-2.836648988490412
4.467722156871837
6.1093165306479245
-1.6342482922482304e-13
-6.554685341260912
1.7323820608277947
8.79296635503124e-14
-4.636291350834654e-13
-7.780522939858166
1.124528706151807
-8.526512829121202e-14
-8.384404281969182e-13
-11.209982447478833
0.8427057871653005
-5.861977570020827e-14
248.41349704311028
298.2671942102251
-92.90025437304786
-90.7520694894512
77.21497281790619
-102.69958724238742
43.96805932159553
82.76296325706599
-3.161915174132446e-12
-135.8690396191536
13.534868030795263
-2.611244553918368e-13
-2.7569058147491887e-12
-119.92823889108558
8.138481026500813
-6.821210263296962e-13
-2.4371615836571436e-12
-148.59712047010672
5.897405526936609
3.197442310920451e-14
-21135.064328942524
-24225.740039331926
-4950.707591562547
-5648.655313809412
4484.341579520627
13241.723148630143
800.3540651729484
3055.5779856640984
606.5454770940556
552.9853795175817
184.86570396580709
460.8226129239265
297.42450391938837
847.7960276701097
96.88660579247744
437.1685925103925
192.9157916126751
996.7580447803955
65.41191443327261
517.0074384536512
49551.41400853523
57309.77439254505
44848.578174959315
51603.60951008108
-11132.135701075309
-30671.678407517422
-10265.543936413313
-28110.882940186362
-892.2735117581904
247.59928736505003
-981.9169575542278
18.56292330461679
-392.6671821407581
-1032.0542325081224
-454.10683780950603
-1080.3830228834577
-236.20791807693604
-1217.272038009239
-283.2614022112357
-1298.0873544519284
13814.27734543412
15212.998262895511
-18073.07746366068
-21474.274717577875
-5941.897760336649
-10250.693198476773
2242.4528518143975
10008.178108577933
1.3962164757685969e-11
2238.1208652369814
389.6737446054012
1158.2245922686325
6.934897101018578e-12
534.4901305620122
164.55291680346
848.842537190959
2.6147972675971687e-12
369.1653325138361
95.80385224500651
833.4387049128338
2.9371714089651744
2.623900314353241
3.1912301120513584
4.407932352457067e-15
1.4359504666063936
-1.8235600640288252
-66.46876433386988
-24.907213548026284
33.953701487636664
6.230496885431917
53.94698522753659
86.9402737053748
-1.7053025658242404e-12
-44.6925714009064
18.547816227013598
-8.384404281969182e-13
-1.2292389328649733e-12
-41.6028863325661
11.62041334508308
2.8421709430404007e-13
77.21497281790661
182.15799356769583
29.642981929721003
3.4705571749782393e-13
462.5018442547365
205.5667946522712
-269.1574654507259
-131.6374955022488
285.5583314271588
-307.6674314426588
178.64134701324815
308.9643240328478
-1.9419132968323538e-11
-566.1908401496039
57.373374768717554
-5.087485988042317e-12
-2.1827872842550278e-11
-527.7193367581875
34.8784554624242
-1.8758328224066645e-12
4291.349836808893
-1541.3988583566374
691.5943641824331
-856.674994281537
-27467.33722791619
-17582.008017568805
-7589.861004950984
-4452.275974886361
9261.732167613627
23998.640856472204
1924.1398394465477
6701.47995509334
1604.011261050604
2383.2592776656293
538.9916352307532
1700.1000819848387
873.1163076184748
3303.355966835862
305.3782025534874
1776.6255612316158
-11360.216851552843
906.5101984730165
-10220.8667148446
1145.3402003546873
54200.842422278634
37573.222177495016
52098.174988928644
35131.51845098067
-18356.9949536544
-45138.09085352672
-18552.721140693277
-44595.895545164036
-2117.5925928950983
-1594.2165682374434
-2427.5002419759476
-1824.2623279091458
-1069.0350888401772
-3916.0015477089637
-1270.7693978350617
-4174.730484409937
-5941.897760336652
-4942.6551733032875
2498.8313694318076
-3291.0026580319127
9711.80484326241
8083.5793692262505
-21671.85428172661
-14624.881366375932
-7738.0368203471635
-9729.877705544264
4057.3626950273456
16479.311982041232
4.3655745685100555e-11
3943.49752177508
915.8413850757584
3301.0543112981422
2.3646862246096134e-11
1449.4694940661832
447.48324716248317
2863.9984587004424
-2.506328478091291e-14
1.4284553834896094
1.185314041619042
1.8943180357666733e-15
33.953701487638
10.171412801585715
50.90771845415407
3.8413716652030416e-13
-56.21093372001346
-53.40974110092231
-423.0797497037741
-214.76597342354788
160.83950635493449
86.14089673088839
263.2206935080116
468.5375831581466
1.0231815394945443e-12
-159.22279384397123
81.45001162912567
-3.6486369481281145e-12
-1.0444978215673473e-12
95.11155119816803
7.395549148563266
2.7977620220553945e-13
285.5583314271679
222.2809199259992
144.53401988973565
1.687538997430238e-12
877.7265028164182
187.7668222495406
-987.4547047054298
-537.0454745103718
925.2089938240397
-577.8154505467679
574.6941748796684
1049.8103320399428
2.319211489520967e-11
-1567.8312693857492
172.65373170328343
-1.2278178473934531e-11
523.8347302175882
-1317.0705069678947
138.25440354129546
-514.0049965689226
8802.228018299887
-1339.7463417578424
1665.1881704214743
-823.3870516465886
-53915.36195898533
-32522.757309789435
-16637.276680964293
-9070.537143089128
19429.484722052337
49539.40122798637
4348.865347001636
15358.635440508737
3356.4368120564714
5533.419460457237
1217.8968942548493
4175.829310587084
-990.0225762485485
2262.2607948036543
-962.7695768819152
2059.701241108216
-18900.045311934136
1189.3097210132964
-18446.346803624805
1144.5569546454635
90182.03878125237
59133.164908462044
92898.37790770276
59281.7343325151
-32465.51410076843
-79162.46118739726
-35416.15843748416
-83756.40089414932
-4109.509486414137
-4483.764139333896
-4832.133512786711
-4676.027821430009
1.1311840353300795e-11
-1248.9666021073979
499.5502521557155
-1974.6015948191348
-7738.036820347163
-3423.586320101201
4667.787736973521
-2750.171495927756
12507.128682268301
11039.03730490275
-35750.081825436435
-22292.915099395716
-11257.943036851022
-12711.658892022484
7393.311115781604
29267.976481833106
-8.276401786133647e-11
6531.778267793699
1785.6348703305962
6731.620308911262
-8.566064524373473e-15
1.002958035216106
0.759816693345539
5.334274688628682e-16
-3.375077994860476e-13
4.396191938871976
17.193961027961244
8.759659664292485e-14
160.83950635493426
52.5747102298553
258.5342716651391
3.147704319417244e-12
-268.0005734491271
-245.3602191512707
-1532.4286998070484
-885.8508969439426
496.381968115121
346.57978390874683
823.9005271643185
1556.9358204643397
-3.9968028886505635e-13
66.24834074363771
4.0456017716798
1.5720758028692217e-13
-5.5067062021407764e-12
117.50173741868123
42.18011086824412
6.103451077876798e-13
925.2089938240363
562.697250545881
522.1021075318777
7.176481631177012e-12
1653.2251997698131
59.257200635536435
-2895.924042161054
-1717.7622727241119
2434.78455708064
-918.583401307046
1511.8421369273356
2891.7953742205627
242.2840060017529
-987.4588373525365
65.81240550947564
-367.14642612065904
1399.323049083518
-1270.6665151511213
423.64043721046517
-537.9462070757762
18720.948603705117
-1586.6220401803412
3949.572738470059
-1466.2537683942833
-110529.3199619804
-66598.1642266564
-36805.29045327304
-20235.30397411002
39729.012938009095
101520.51791784551
9305.564433602158
33537.0586796495
-457.8332251343486
1820.4666005406998
-441.34191736129924
1634.6076866124795
-2359.4968434014563
2121.6368967051867
-2380.1153100090214
1935.1936550302285
-33302.874967906275
886.1899898853935
-35252.133672983764
629.2283823730086
161905.79022475728
104065.57799946511
176827.6287345891
111545.61175946672
-58788.20555678931
-144032.46258632067
-67862.24447563765
-160687.20462954833
1.1368683772161603e-12
-687.7587036630691
237.80392183700633
-1410.4297105850983
2.5011104298755527e-11
-1043.1812244556495
1187.7579946699107
-1796.7787106728035
-11257.94303685104
-4710.598266144259
8334.560918223156
-3685.26006630923
17221.692289241095
15765.555672208448
-63534.769532640516
-38508.36867279501
-17291.12808457835
-17929.37333427359
13649.214644240532
53256.25275281148
-1.942890293094024e-15
0.7751665255343333
0.5664088077666726
-2.1076890233118206e-16
-1.5065726444163374e-13
2.992508823022416
10.690780277475305
4.3520742565306136e-14
9.35918009759007e-14
19.22963215771315
79.38798601825923
8.597567102697212e-13
496.3819681151207
177.70771604363665
817.5931547075571
5.646150214033696e-12
-784.3161448597522
-723.006279782638
-4083.816186395151
-2534.4264653680084
-2.7355895326763857e-13
51.04893691028893
2.796739424799119
1.0969003483296547e-13
-2.8954616482224083e-12
84.56518815304753
24.445906592616552
3.490541189421492e-13
5.542233338928781e-13
268.32368618136
149.51322207025677
2.4655832930875476e-12
2434.784557080635
1437.3802760092126
1441.0594015792565
1.0730971666816913e-11
2972.191986047953
-336.8276169536591
-6989.623862820824
-4390.614363072841
151.14268712961962
-781.229977602613
41.87085361281876
-285.5583314271802
732.5658776114972
-1006.2687686021038
226.17158714674468
-404.20818899014836
3044.6809199837962
-1894.6838335005032
1042.208146501017
-957.0931191496868
38775.4066799042
-2435.989821841931
8768.163558119646
-3060.180147572717
-217335.87295406606
-133315.355491611
-75936.6802056183
-42901.68511005887
-285.57613246601613
1473.775526875761
-273.59100793230687
1317.5735583045043
-1235.1401424845026
1766.054948892293
-1238.232240468676
1607.1042600148437
-4477.948267954901
2771.441729678343
-4759.96261640667
2600.7235589832753
-59915.19477091363
965.5046861696192
-67641.48643965129
157.01666479820142
290092.61587626406
186481.1457760745
330586.0344899058
210266.09178468602
-4.689582056016661e-13
-477.1245640653988
151.29703787647952
-1097.0008860106336
4.547473508864641e-12
-632.9023638159183
634.1964732793713
-1350.0841889099931
-4.274625098332763e-11
-1422.754109281399
2199.7847834049794
-2405.5433839425127
-17291.12808457833
-7282.346683826087
14916.026143056046
-5941.897760336711
24481.389082337948
23286.93571187945
-112752.7750473938
-68041.21837820938
2.082721544539022
2.353129274542882
-1.772905617806292
-0.5221638060382765
1.631761893869542
-0.77363154231551
2.4820678649287506
3.3940647392488232
-6.039613253960852e-14
-2.638636153254387
0.9624344782377907
2.1316282072803006e-14
-1.0658141036401503e-14
-2.6033315392201537
0.6247381700841572
1.7763568394002505e-13
-2.8421709430404007e-13
-3.4675270914494716
0.46816988175841345
1.0125233984581428e-13
9.31907205234872
19.333349793059977
-45.19297593026128
-44.156070216072536
37.905532110609
15.650169366915609
21.378018285983785
40.24933555816813
-4.973799150320701e-13
-33.02563625672922
6.579552069406892
-1.865174681370263e-14
-5.826450433232822e-13
-20.915681340457198
3.955958751697125
-1.5631940186722204e-13
-8.384404281969182e-13
-23.16401956481831
2.8665113892929526
4.156675004196586e-13
715.4508634199949
987.845653123667
-717.0746133132994
-797.7165843254434
443.3622585789347
-81.75202548119853
207.33771659944216
492.9923764574371
-4.007461029686965e-12
-436.10651467397497
47.88332921042894
-1.0977885267493548e-12
-1.3358203432289883e-12
-249.92365341562538
25.092937442063317
-1.7053025658242404e-12
-3.154809746774845e-12
-245.24367850227176
16.940321688970073
-1.0658141036401503e-12
-70703.45105075548
-82550.85280993201
-18854.928841113287
-22239.49372539305
13925.834571042167
42326.936549591206
2610.524423353607
10702.543504558338
1550.199907366415
862.4455810667523
502.7414822677739
1158.2245922686282
682.1547962083787
1540.768897076201
232.4852049835922
848.8425371909532
410.3258126722376
1577.8929135231203
145.0112815951652
833.4387049128327
135758.81297576477
158563.52310045413
133573.6256440002
155572.4692231704
-28895.85315911424
-81875.16890132077
-28925.56005077873
-81185.50486324713
-2211.88588237809
995.4365556639364
-2431.2042456395397
865.0948856537952
-902.7167878789223
-1829.256572093047
-1026.5790973918702
-1883.0532255254766
-510.5812634315844
-1933.2725904080717
-597.6436395288292
-2038.0219492703027
1.6317618938695855
1.257151256262604
1.7729056178062814
1.0772632785815972e-15
-4.1939247512256905
-2.457201136782923
-36.92709129659403
-13.837340860014425
18.863167493132302
9.908316677869852
29.97054734863101
48.300152058541144
-2.6911806116913795e-13
-18.143501647159844
10.304342348340878
2.842170943040401e-14
-1.2789769243681803e-12
-13.627523052813942
6.455785191712863
6.892264536872972e-13
37.90553211060916
47.06010590258019
14.221926519565859
5.828670879282072e-14
-15.656333167547814
-18.004786394423967
-129.10805253327453
-63.14859192479199
140.18318088243038
65.4371139200163
85.68276327787761
148.19483509735306
-3.360867140145274e-12
-130.33308077708466
27.517448803359088
-1.2505552149377763e-12
-3.1938895972416503e-12
-87.98746866222805
16.72817842080343
-5.542233338928781e-13
443.3622585789352
974.6195292560251
173.03310870961548
2.9469759965650155e-12
1299.462142374748
689.4991120886159
-964.7468005737313
-594.7639280018698
886.1973325459828
-553.4713788197579
481.3004824395746
935.321353197121
-2.517985819849855e-11
-1229.642703921431
134.81399734914982
-1.1709744285326451e-11
-2.4783730623312294e-11
-877.1192398148964
76.37931255861895
-4.149569576838985e-12
13662.664012798912
-4628.135619834582
2443.5003488736384
-3291.0026580319154
-75058.67481678113
-52050.74769605421
-22274.996772904342
-14695.734978210709
22592.39612538243
60592.96564404244
4747.568489774868
17485.433270094392
3407.1283282872573
3895.1283974636135
1173.5425150799279
3301.0543112981186
1719.968140942663
5190.82438674092
614.312654888985
2863.998458700433
-29194.11312512335
3051.675544457851
-28880.88282921
3018.2373398528407
131421.37149877538
95055.89237827752
132946.98271908384
94874.18875923404
-41150.28208509083
-104271.02913013249
-43313.43930390681
-107324.2724633319
-4508.7230690551605
-2177.209932755657
-5111.013091246674
-2185.3908161650324
-2140.1997296500886
-6164.619238713813
-2497.145307747287
-6475.264444773702
-8.212180935274205e-15
0.6732436398007082
0.6585078008994679
1.2698175844150228e-15
18.86316749313263
5.077724488054673
28.28206580786293
1.4629963906998e-13
-56.06852540928222
-38.02920924774927
-235.0443053909837
-119.31442967974762
89.3552813082986
75.20666382124595
146.2337186155598
260.2986573100792
1.3358203432289883e-12
-66.16285398590662
45.25000646062476
-9.379164112033322e-13
-3.019806626980426e-13
21.273379660709203
3.512655598084708
9.29256671611256e-14
140.18318088243143
61.92948834387033
68.64444954831018
5.728750807065808e-13
-218.9540557825162
-188.43781386494095
-468.9652821535994
-255.05803147493313
454.1935060590752
320.2253009026408
272.93278995341916
498.57624283641076
3.637978807091713e-12
-367.56384896289904
81.99601696764108
-2.9878322038712213e-12
-1.2931877790833823e-12
474.14240700251025
33.18135440050324
2.4140689447449404e-12
886.1973325459938
867.3847750556656
399.6228446066528
6.650680006714538e-12
1821.7544810421696
501.26116806659843
-2054.9644197033317
-1255.1748009082085
1961.653940751757
-807.0489361800513
1043.577295384428
2016.6210839372825
5.1954884838778526e-11
-2690.8272630034307
292.2476694147791
-1.6825651982799172e-11
1437.4125252621434
-4266.122090857927
431.15973606206455
-1974.6015948191375
21965.79955813644
-4040.042770914646
4349.8921219653585
-2750.1714959277588
-115651.16208004892
-75682.9708059162
-36342.39347502173
-22052.012819157633
37772.154403807035
99033.88104687168
8361.898378973221
30585.853661959056
5965.87411648401
8109.544340839704
2163.6993352147592
6731.620308911259
-2339.7115820962563
6375.016655166157
-2412.0568649672305
6046.735198493968
-41860.42486130267
3860.143559438946
-43207.06496683837
3529.17462406085
184324.2609190134
127253.01496931257
194158.60118512425
132037.76714856594
-61437.648674267766
-153842.47077975288
-67990.99855548443
-165234.6570670873
-7423.434131369832
-6217.680920121769
-8620.86411246215
-6000.990362739554
1.160530005428484e-15
0.47123984819611675
0.42212038519196476
5.828670879282072e-16
-9.059419880941277e-14
2.067929392474964
9.552200571089578
3.239075674343894e-14
89.35528130829826
26.01726784036925
143.630150925075
1.2008172234345693e-12
-231.85734418391502
-168.71118634341153
-851.3492776705762
-492.1393871910748
275.76776006396153
273.6954078806432
457.722515091281
864.9643447024041
-8.992806499463768e-14
14.36638024802569
1.9113611041492136
4.04121180963557e-14
-1.3926637620897964e-12
26.85171692059722
19.927654505642984
1.8893220321558601e-13
454.19350605907505
169.089571514429
246.66042507671023
2.4868995751603507e-12
-816.4292189310999
-686.2758276626748
-1368.1366356902547
-811.5327465136052
1195.2578734759552
1012.6985955921857
714.2462198951887
1366.1846351748354
-1.7763568394002505e-13
325.5029918409463
15.291620902113472
1.2434497875801753e-12
-7.503331289626658e-12
455.17801994502
98.43032231448473
2.702726931147481e-12
1961.6539407517444
1436.371787371602
917.6338048798211
1.41824330057716e-11
2638.3193530179674
142.8277180111661
-4442.2336297307975
-2787.177117059422
4175.829310587085
-938.8335502544452
2161.9750429912247
4260.28811947788
606.9632081388754
-3224.5206266791465
184.76404084645264
-1410.4297105850974
3128.00803924123
-3804.8329943327653
996.3957694192875
-1796.7787106728072
36805.96878787902
-4194.950147665111
7748.698105532809
-3685.2600663092217
-194000.1935355625
-124292.4359575848
-64124.16518641237
-37955.71050048406
64955.508850643906
169261.5023618072
14888.43138855766
54885.88582501029
-987.9339210051894
5094.537054701047
-1013.8141769436843
4823.357617326961
-4825.059396640381
5681.388853567083
-5063.628159279671
5399.342270936637
-62532.6590389865
3213.9543870948946
-67826.97379098384
2502.4117990904233
282016.61841777957
189746.78235212373
309430.6909107174
205678.14618780502
-96105.87258435598
-240521.69752447063
-111099.66322048742
-268678.93287055177
2.7755575615628914e-17
0.3637910228745285
0.3146715598703744
1.457167719820518e-16
-1.9539925233402755e-14
1.3811843408371365
5.9393223763751735
1.7430501486614958e-14
4.143352327901084e-13
8.600274824119424
44.104436676810685
3.2862601528904634e-13
275.7677600639612
86.69224047711313
454.21841928196875
8.761880110341735e-13
-649.1326824201785
-493.73230897035467
-2268.786770219513
-1408.0147029822133
-5.1514348342607263e-14
10.93941750331832
1.3175737775148766
1.0658141036401503e-14
-6.270539643082884e-13
18.34770379235371
11.516599102402903
8.970602038971265e-14
1.652011860642233e-13
61.7848305014502
70.43617642188958
8.206768598029157e-13
1195.257873475957
439.91577487108066
678.8867076375975
2.5623947408348613e-12
-2159.1161176846554
-1825.783147946266
-3292.826735438409
-2068.4284970846356
-7.105427357601002e-14
249.4441010429207
9.515081885978322
9.805489753489383e-13
-4.256150987203e-12
327.491014746586
51.39623648300837
1.6058265828178264e-12
1.9326762412674725e-11
695.2998609030424
236.83253359275147
5.357492227631155e-12
4175.829310587082
2736.2452172513695
1992.469921653255
1.453770437365165e-11
3788.9083950717704
-701.3503541558948
-9009.764967099185
-5830.477771877714
353.36248837716676
-2558.1032725671994
108.8588845215786
-1097.0008860106352
1528.3084636604308
-3007.877452851835
492.6737435043847
-1350.084188909996
5540.752445475821
-4638.8280128861625
1893.8912149010578
-2405.543383942512
63655.136680500764
-5361.023996997847
14063.135961715516
-5941.897760336682
-330038.4847992314
-211259.19203363184
-113340.97902485813
-67176.80431382568
-575.1396976340393
4115.414723639249
-587.9732452499215
3894.119655044956
-2357.4140305695682
4668.481200279233
-2464.60815038084
4450.051757904743
-7905.2386918462125
6471.0421641789
-8548.693216082163
6231.096997574974
-97579.62771051846
3431.7836725844613
-110878.90518450126
1907.934449020132
444834.70445924747
296385.6928000627
505177.727949044
333978.2044110265
