221.2995535012121
219.3087985360712
219.3087985360712
93.5583134968117
593.8347366841992
120.61983919484298
741.2637390519208
84.81306761253884
2103.8184513697915
557.0443482816388
2552.1278183926347
622.6887756140193
5284.943001399525
1216.223937024287
6334.682429333838
1463.5779101394423
10812.266376738844
2137.738621920597
12880.6418284781
2637.418719688955
593.8347366841991
741.263739051921
120.61983919484297
84.81306761253867
-102.38529942830954
-274.13599817008753
-274.1359981700873
-218.73223059684258
-295.8802185556784
4.263256414560601e-14
-1111.8956085778855
-334.1483863160392
-886.0095824986581
7.901235221652314e-12
-2937.171408965224
-605.9348175257071
-1948.5763885451215
5.8548721426632255e-12
-6144.301505652209
-994.3784383870453
2103.8184513697893
2552.127818392634
557.0443482816381
622.6887756140193
-295.8802185556791
-1111.8956085778846
-8.659739592076221e-14
-334.148386316039
-24.09378734598708
-3.623767952376511e-12
-2.9816149549333204e-12
-178.52273118499954
-71.8862573574188
-2.2737367544323206e-12
-5.002220859751105e-12
-207.3501765305282
-207.5347198880171
-3.083755473198835e-12
-5.5706550483591855e-12
-276.5289537373276
5284.943001399527
6334.682429333838
1216.223937024287
1463.5779101394432
-886.0095824986576
-2937.1714089652337
1.1292300428067392e-11
-605.9348175257039
-71.88625735741752
-3.154809746774845e-12
-4.902744876744691e-12
-207.35017653053183
-11.207296226844505
-6.821210263296962e-13
-1.5987211554602254e-12
-172.2922342995664
-34.49836409852105
-9.038103598868474e-12
2.3021584638627246e-12
-186.13609445232152
10812.266376738839
12880.6418284781
2137.7386219205955
2637.4187196889543
-1948.5763885451215
-6144.301505652211
7.02371494298859e-12
-994.3784383870454
-207.5347198880171
-3.922195901395753e-12
-3.090860900556436e-12
-276.5289537373262
-34.49836409851264
-1.3642420526593924e-12
-1.9184653865522705e-12
-186.13609445232566
-6.540947241447384
8.526512829121202e-14
-2.7853275241795927e-12
-170.18838629977103
-326.17043578666164
-54.82719963401741
-309.22540593586064
-26.8799863092588
2217.261053471454
1361.9076389090083
2825.6372199954703
1609.331841876457
2301.1428466316124
-342.90497142531495
2765.1706512562228
-569.0672929066283
5699.8835025851495
994.8264832640635
6819.47829463449
1169.4528681453855
11343.437578392528
1962.5194363889323
13504.778748592878
2408.2787272494234
-407.67964681454475
-274.1359981700874
65.79263956081924
-32.57714072719073
577.8785861239458
625.0300758278047
-635.9955157546057
-391.38096810196294
-522.5639308483903
-444.10031703554324
-1323.6852483070058
-192.13864632976225
-998.3956813437765
1.1326051208015997e-11
-3198.253311984358
-526.3313552862061
-2065.403429993724
1.0174971976084635e-11
-6463.485999452317
-926.6373264630508
-1327.4985394447817
-1111.89560857788
-199.57100666783532
-207.56292520467343
1560.6710862986602
1663.300587754298
287.29452608226813
217.61530005764223
-329.76804307890177
-950.7036416538708
-6.348699344016495e-12
-259.8990990423142
-123.39584273169483
-1.7053025658242404e-13
-4.220623850414995e-12
-209.30037271011656
-235.6706434858827
-2.3874235921539366e-12
-3.268496584496461e-12
-270.02077838759817
-3255.675231258489
-2937.171408965238
-536.6799598461027
-487.85930337980557
3272.492507404547
3672.378047867126
649.467341950367
638.9640491854318
-649.2000464059914
-1976.1289239518123
3.997469022465339e-12
-408.1697285817321
-82.79661108057357
4.547473508864641e-12
-1.525446435834965e-13
-195.6186067852751
-59.88125987062517
4.206412995699793e-12
-6.679101716144942e-13
-191.0279324725721
-6592.912179597952
-6144.301505652247
-999.9436885632421
-879.1395732296448
6126.283420991365
7067.866870223186
1121.085691564121
1196.4010335360592
-1243.5816208619344
-3700.8359752961824
-4.703792910731863e-12
-619.2822641054768
-149.15777309080153
8.355982572538778e-12
-5.403677505455562e-12
-227.93445499402725
-40.65640548235854
-5.684341886080802e-14
-4.742872761198669e-12
-181.97475494593834
40.156312243309934
-4.386175970721249
43.23516313996714
-2.7923263480447704
-4542.646241692703
-809.0928174562905
-5752.260920078776
-980.7359773612569
15120.984051714231
11905.85694147856
19574.449535830507
15271.075305399161
6580.582426892261
-5167.546637020998
7543.3331654229405
-7262.968894314872
13174.753617437691
814.2030849145829
15603.687371119035
920.745204820576
80.25943731808775
4.263256414560601e-13
2.193087985361708
-6.515428145438024
-1114.3598260721212
-444.10031703554495
1416.108241975772
187.61773700434205
1308.28346601255
1493.49291803065
-5380.375857418336
-4165.939208317999
-1982.7860282039746
-1584.5060694231183
-4361.254516342312
798.9155940240043
-2568.595453451357
2.887645678129047e-11
-7656.744953197358
-467.6593374840262
217.58870647335715
-1.6839862837514374e-12
1.8971491044794675e-12
-41.512585040933104
-2123.6344707322314
-950.7036416538698
54.82719963399893
-38.427729265958995
3036.9470299926197
3080.662022864566
-89.91660739975993
-180.08288812863776
-894.3020695722921
-2056.0199862757
-1.3358203432289883e-11
-98.12629661465343
-401.9711386840381
4.092726157978177e-12
-7.503331289626658e-12
-209.72388638776664
501.4005032163985
-3.240074875066057e-12
-3.709033080667723e-12
-97.57186067596422
-3990.215355938736
-1976.12892395181
-390.0563631105463
-209.31050359934335
5078.739495708114
5393.012221524427
525.4012216356562
499.52248962263286
-1160.7182084924234
-3216.7901270987786
5.24558174674894e-12
-357.79250032802867
-227.09969864881214
1.1368683772161603e-12
3.945288540307956e-12
-201.0837610377747
987.0813200374132
-5.3717030823463574e-12
-3.6557423754857155e-12
-175.82791464593393
-7066.723124685707
-3700.835975296178
-889.2449616831258
-427.9604207210752
8308.27895144457
9116.837645117359
1081.401242305205
1165.7382087556953
-1786.0533528718265
-5133.653459065254
-5.002220859751105e-12
-597.7848241250695
-262.7501916325141
1.3869794202037156e-11
-2.8990143619012088e-12
-231.11281486216632
7.712139437457513
-1.8797897017378618
8.981217463858531
-1.1967112920192453
349.0609401603755
-101.29977837142411
529.436123773303
-115.5491236405224
-24825.74440715527
-5938.450292481041
-32578.884352785884
-7956.819683828922
57772.51100265208
52286.20814552468
75345.59279853589
67978.01867767898
15067.06446506783
-21692.592409043707
16523.359984110677
-30279.676246948697
12.9953981785198
4.973799150320701e-14
0.9398948508685914
-2.7923263480448877
367.32186802376407
9.663381206337363e-13
91.37866605669359
49.50838937724009
-3083.036377084886
-1584.5060694231345
8108.4443967835605
1413.7914969267647
2965.841116777232
3291.825066026484
-21126.185262055318
-19064.38317832767
-5414.1161024930725
-4610.967489220892
-11059.742710173992
4574.9045297696075
29.351718863937776
-6.252776074688882e-13
1.4921397450962104e-13
-17.791107874685775
512.993463977007
1.4068746168049984e-12
4.497735517361434e-12
-5.628975336534792
-4446.233424969172
-2056.0199862756936
1011.0135612512242
255.00426780476138
6252.163191279168
6295.102412836094
-1589.9887893864195
-1761.7626580393876
-2146.9332697795335
-4503.506177938209
-3.9335645851679146e-11
614.9561795731872
62.434137692202285
-1.1368683772161603e-13
-2.8421709430404007e-13
-41.81651171827118
880.7614748733376
3.296918293926865e-12
-8.313350008393172e-12
-45.114116167391884
-6543.797734808172
-3216.790127098775
57.33358590305933
-42.054127120522736
8577.466774140255
8945.81475780877
-79.89106232392672
-172.9205973916329
-2180.528788351299
-5641.718842340425
2.5409008230781183e-11
-80.36376599476466
118.05287314341695
7.958078640513122e-13
-9.805489753489383e-13
-75.35482056254307
1491.6717486301752
7.73070496506989e-12
-1.0800249583553523e-12
-95.15226662804574
-9940.25566676644
-5133.653459065256
-611.4538168707536
-294.5105146548792
12169.010296133143
13086.231959746401
774.3689243546689
800.3413572829263
-2800.31481571696
-7721.497281790807
4.376943252282217e-12
-463.3522926475016
3.344344688134557
-1.0443276120765745
4.044396024950991
-0.6648396066773524
27.95301853977194
-49.42517771336775
60.27450009449772
-56.221254739205946
1099.1091183765193
-822.9754368561368
2026.8733868617874
-1015.6843006542144
-83566.27963260034
-22769.567308931673
-110596.7423819622
-31253.983348081976
159392.8748325918
156715.61633553976
208758.06951037538
204638.76679164672
5.101132982142438
-5.861977570020827e-14
0.5221638060381908
-1.5512924155804788
77.31542215722006
1.8118839761882555e-13
44.85861788237748
24.445950870978606
1341.6835200990058
4.519051799434237e-12
712.7535952422453
375.27173798724255
-7260.781332645971
-4610.967489220899
27939.94093349516
5428.92680360243
6366.002665095938
6546.367636301856
-58498.68693186202
-57986.28657713054
9.980998133283137
-4.760636329592671e-13
3.8191672047105385e-14
-9.883948819269854
86.35327346678926
3.268496584496461e-13
6.110667527536862e-13
-2.0541529180853573
1196.8277086887897
5.8477667153056245e-12
1.7337242752546445e-11
77.33507289431253
-9212.835613586556
-4503.506177938198
3616.40208785966
1103.3125784127703
12457.014660243412
12584.87875485061
-5370.872476148174
-5855.683556640275
19.59444453480593
-7.247535904753022e-13
-5.133671265866724e-13
-23.231395399039755
136.2524016780673
7.673861546209082e-13
-1.298516849601583e-12
-20.649400126562192
1570.1775797924956
6.707523425575346e-12
-1.2655654302307084e-11
6.5648959315573165
-11323.757961389558
-5641.718842340419
1211.5244627700927
355.75465070293006
14781.385150238155
15358.404027003526
-1662.6739911872007
-1925.5835566264425
35.394794298344635
-4.831690603168681e-13
6.998845947236987e-13
-41.86378920141275
220.40573665884943
1.5916157281026244e-12
6.394884621840902e-14
-44.12558697443287
2249.023140850505
1.1397105481592007e-11
-6.73594513500575e-12
-49.934258663752345
-14983.702822149633
-7721.497281790805
59.004510082414086
-44.64653666375392
18579.163798065034
19807.71434881861
-75.71375187566441
-170.5300555058036
-326.17043578666164
-309.2254059358606
-54.82719963401741
-26.879986309258797
-407.6796468145448
65.79263956081928
-274.1359981700872
-32.577140727190724
-1327.4985394447817
-199.57100666783472
-1111.895608577879
-207.56292520467355
-3255.6752312584867
-536.6799598461018
-2937.1714089652296
-487.8593033798081
-6592.9121795979545
-999.9436885632406
-6144.301505652245
-879.1395732296435
2217.261053471454
2825.6372199954703
1361.9076389090083
1609.331841876457
577.8785861239456
-635.9955157546054
625.0300758278047
-391.380968101963
1560.6710862986588
287.2945260822682
1663.3005877542978
217.61530005764212
3272.4925074045464
649.4673419503654
3672.378047867124
638.9640491854298
6126.283420991368
1121.0856915641184
7067.86687022319
1196.4010335360595
2301.1428466316147
2765.170651256223
-342.90497142531467
-569.0672929066282
-522.5639308483921
-1323.6852483070065
-444.1003170355429
-192.13864632976225
-329.768043078902
-4.860112312599085e-12
-950.7036416538708
-259.89909904231433
-649.2000464059895
1.3642420526593924e-12
-1976.1289239518082
-408.16972858173585
-1243.5816208619353
-6.991740519879386e-12
-3700.8359752961796
-619.2822641054763
5699.883502585148
6819.47829463449
994.8264832640618
1169.4528681453867
-998.395681343776
-3198.253311984358
1.1107115227559916e-11
-526.3313552862049
-123.39584273169527
-3.666400516522117e-12
-1.7852386235972517e-13
-209.30037271011702
-82.7966110805744
1.1368683772161603e-12
1.5063505998114124e-12
-195.61860678527438
-149.1577730908025
-5.3717030823463574e-12
8.29913915367797e-12
-227.93445499402853
11343.43757839253
13504.77874859289
1962.5194363889345
2408.278727249415
-2065.4034299937257
-6463.485999452319
1.1969092383878888e-11
-926.6373264630547
-235.67064348588335
-5.4569682106375694e-12
-3.2720492981752614e-12
-270.0207783875985
-59.88125987063063
1.5916157281026244e-12
2.2808421817899216e-12
-191.02793247256915
-40.65640548236274
-6.650680006714538e-12
1.1652900866465643e-12
-181.97475494593985
245.24922255428032
65.79263956082079
65.7926395608208
4.6538772467412715
-1514.9254726247195
-929.8693057929447
-811.4425545834595
-413.7195788863178
-1512.5544278313932
317.21451216823465
-1323.685248306997
15.291310953568509
-3526.791181798164
-394.2336735588626
-3198.253311984362
-389.8176227151199
-6925.232799405545
-897.29577818351
-6463.485999452357
-802.7595757497993
-1514.9254726247195
-811.4425545834597
-929.8693057929447
-413.7195788863178
3503.692241277381
3069.0699863705254
3069.069986370525
2325.5198659354855
1551.355733638226
-1062.2378306236283
1741.4162931376065
-955.9001435245647
3502.8472855635046
476.94442043532325
3943.181691565931
434.4771152276583
6416.447781208415
1005.9818009385328
7406.494845382676
1058.8590157066653
-1512.5544278313932
-1323.6852483069972
317.2145121682351
15.291310953568669
1551.3557336382269
1741.4162931376081
-1062.2378306236285
-955.9001435245646
-751.0154833143008
-1131.7900495879444
-1131.7900495879433
-95.64192627488589
-760.6206408064373
5.343281372915953e-12
-2151.7848283030794
-344.73516557662697
-1328.8438577756556
4.547473508864641e-13
-3893.087194792082
-572.9707459036217
-3526.7911817981644
-3198.2533119843606
-394.23367355886217
-389.8176227151197
3502.8472855635064
3943.181691565931
476.9444204353231
434.47711522765906
-760.6206408064373
-2151.784828303079
4.870770453635487e-12
-344.7351655766266
-167.0243637652772
4.547473508864641e-12
4.234834705130197e-12
-205.64649865589405
-182.59395939418124
-5.684341886080802e-14
8.625988812127616e-12
-226.07052487134405
-6925.232799405546
-6463.485999452358
-897.2957781835073
-802.7595757497952
6416.447781208417
7406.494845382673
1005.9818009385317
1058.8590157066633
-1328.8438577756542
-3893.0871947920823
8.810729923425242e-13
-572.9707459036216
-182.59395939418175
9.549694368615746e-12
-4.2810199829546036e-13
-226.07052487134536
-78.29867551625375
3.410605131648481e-12
2.9700686354772188e-12
-190.80273647996592
-7.180267752114499
10.965439926803267
2.193087985361064
0.9307754493482366
2466.3940914299033
407.44441785165554
1328.3847225613445
152.51420577177922
-8461.383065645025
-6639.834957582603
-5643.546415661602
-4192.532792585101
-4411.932040544092
2549.7970690403354
-4361.254516342315
1075.3276971638097
-8116.118298768753
-247.17481860173945
-7656.744953197406
-306.91506827350275
113.55460482048645
-63.5995515754588
57.9601824702456
-50.44802935467557
-5550.076658290984
-1438.1957709711905
-4932.777042882315
-1099.505498566879
12904.085743093097
11541.073306580241
13377.248089682844
11279.318801542293
3658.2026655723566
-4818.247532443498
4255.904499553659
-5092.7486447589545
7381.626561482612
276.98854617895813
8538.432050225018
200.5775530910285
272.59436962695247
-4.902744876744691e-13
27.41359981701204
3.0582621907144905
-2309.1462491348357
-1131.7900495879394
1762.4594945209406
283.7497450464103
2779.0660117627126
2973.30514434306
-4569.194384737852
-4165.513263603934
-1901.5373591429593
-2447.6428408043876
-2934.2520385951184
663.0465544048229
-1720.3499118494358
2.0236257114447653e-11
-4611.8109845998515
-264.6063494266603
549.624917505625
-2.8563817977556027e-12
-4.481748305806832e-12
-77.96352454302907
-4301.662990554474
-2151.784828303076
-102.23967322224931
-112.93028877077299
5404.850518017157
5754.501477500994
137.32908098800237
55.73044385490959
-1368.7132338883932
-3502.7270272853266
1.7848833522293717e-11
-196.78580802487267
-386.34824478817177
1.0459189070388675e-11
1.1368683772161603e-11
-195.4880741738529
1040.3919366450843
-3.922195901395753e-12
-3.2720492981752614e-12
-160.55191514996363
-7413.765532394307
-3893.0871947920787
-723.5576390835005
-366.7841250275862
8691.669804712836
9540.893079542755
879.8650009492146
926.7252042523196
-1913.8640687175402
-5400.336755640064
6.0538241086760536e-12
-513.5317581716535
-318.48923178571476
1.8417267710901797e-11
2.76578759894619e-12
-222.72844777205677
0.08864528089013568
4.699474254344562
0.9398948508687903
0.398903764006419
-46.44206852463424
66.9413999341065
91.37866605669348
38.51637454684128
12542.679478004327
2709.294377066512
7932.997357954691
1306.6112936684801
-30265.026892143964
-27378.93982507226
-21477.07933971307
-19091.720639077757
-10402.23691892229
9867.799390130398
-11059.742710174058
4923.730528940747
10.143552856163751
-27.256950675198524
5.743801866421585
-21.62058400914794
407.12198741115105
-158.0067677071808
349.44151288821354
-135.6893314588024
-19562.865344963622
-5429.653879877342
-20441.686205962673
-5339.827218585912
39296.35920220084
37458.93307544476
43819.79964617957
40697.612724783656
7595.288672183118
-15522.255012693513
8895.313720748753
-17563.55075597649
40.75403470874292
-1.7053025658242404e-13
11.74868563586093
1.3106837960215818
667.4816965428562
4.490630090003833e-12
148.03343901184792
73.22480109886675
-4608.851023122663
-2447.642840804386
6589.161333678303
1270.830834836379
5318.633167314267
5544.439725275392
-14410.913701078889
-14009.083132544341
-4349.602600862319
-5361.316878497862
-6661.504755533153
3068.987587816605
69.55047339325154
1.0231815394945443e-12
-9.805489753489383e-13
-33.41293908986985
970.2612809216027
4.860112312599085e-12
-1.0235368108624243e-11
-21.96672272500488
-7022.923881315701
-3502.7270272853216
704.3989743456963
171.60248959020475
9073.826540060345
9476.674964689362
-977.5950776649247
-1175.0970309602667
-2575.220767468436
-6143.204961659568
3.694822225952521e-11
320.2829006113052
125.05706060898262
1.9326762412674725e-12
-5.826450433232822e-13
-68.80796363569975
1574.3619547813614
8.86757334228605e-12
-4.888534022029489e-12
-80.66463451329292
-10417.189631820302
-5400.336755640068
-307.3835917836142
-186.59917098065375
12712.247607835468
13671.8295394804
389.1829254713425
354.23829230480453
-3006.5819190276184
-8122.614023702006
1.6484591469634324e-11
-294.22379159713665
0.36263978546036846
2.61081903019139
0.5221638060382547
0.22161320222578468
25.00255644937816
32.34567431222516
44.85861788237742
18.740418246402054
35.05703895239594
455.10409766139765
712.7535952422389
338.56143355140836
41186.673534252965
10094.53094800157
27676.77037525191
5248.499562651841
-81127.71720948623
-79993.0132712073
-58937.30452893456
-58013.88133162888
1.8219483316494163
-15.142750375110113
1.3006625714044269
-12.011435560637613
14.44868486746876
-76.32136066803002
15.878891796772372
-65.32431922045141
1073.1999004737977
-657.9110593286016
1139.8689826009172
-663.5986347345885
-55251.677305410834
-16372.498354710311
-61891.97953024354
-17912.37675514768
97904.90735033398
98583.2488144754
113121.2028804105
112377.22821002518
15.110758552458087
-2.913225216616411e-13
6.527047575478411
0.7281576644562997
130.67297382870404
6.821210263296962e-13
72.67096096945221
35.89109274759103
1617.7980726456105
1.2704504115390591e-11
609.425411316601
334.02378700513594
-9126.498960654015
-5361.3168784978425
18918.046909146666
3910.637707984197
10081.671432186306
10231.799779319546
-36141.491046143026
-37224.091367235786
22.206525478373734
7.105427357601002e-14
-2.007283228522283e-13
-18.56274393881672
153.8667667008938
1.0516032489249483e-12
-1.9699797348948778e-12
-9.587236563060568
1738.671802161699
1.0132339411939029e-11
-1.836042429204099e-11
59.31640080553822
-12099.710062858183
-6143.204961659552
2612.176656087153
829.2595555595346
15563.578763842335
16164.662919076036
-3584.6545284528374
-4065.5995262835377
37.71769084396561
-3.694822225952521e-13
-3.623767952376511e-13
-38.22664646427724
234.40848796964204
2.8990143619012088e-12
-3.339550858072471e-13
-37.23813122571155
2376.98044718076
1.4864554032101296e-11
-1.0189182830799837e-11
-23.902436391591955
-15685.013803053593
-8122.614023702004
626.0174401156467
157.18277457909755
19383.384036511183
20659.713329702052
-801.9201855388685
-1002.9934323806799
40.15631224330993
43.23516313996713
-4.3861759707212435
-2.792326348044771
80.25943731808775
2.193087985361644
4.289901767151605e-13
-6.515428145438028
217.58870647335706
1.8838264281839656e-12
-1.2789769243681803e-12
-41.51258504093319
501.4005032163983
-3.552713678800501e-12
-3.467448550509289e-12
-97.5718606759655
987.0813200374118
-3.225864020350855e-12
-6.59383658785373e-12
-175.827914645932
-4542.646241692704
-5752.2609200787765
-809.0928174562903
-980.7359773612568
-1114.3598260721215
1416.1082419757718
-444.10031703554466
187.61773700434208
-2123.63447073223
54.82719963399859
-950.7036416538697
-38.42772926595897
-3990.215355938739
-390.05636311054496
-1976.128923951805
-209.31050359934437
-7066.723124685704
-889.2449616831269
-3700.835975296178
-427.960420721076
15120.984051714235
19574.449535830507
11905.85694147856
15271.075305399158
1308.2834660125507
-5380.375857418335
1493.492918030649
-4165.939208317998
3036.947029992618
-89.91660739976123
3080.662022864566
-180.0828881286393
5078.73949570811
525.4012216356577
5393.012221524428
499.5224896226373
8308.278951444576
1081.4012423052106
9116.837645117359
1165.738208755699
6580.582426892261
7543.333165422942
-5167.546637020996
-7262.968894314865
-1982.7860282039742
-4361.25451634231
-1584.5060694231179
798.9155940240039
-894.3020695722907
-1.2704504115390591e-11
-2056.019986275698
-98.12629661465337
-1160.7182084924202
6.59383658785373e-12
-3216.790127098773
-357.79250032801826
-1786.0533528718254
-4.455102953215828e-12
-5133.653459065248
-597.7848241250707
13174.753617437706
15603.687371119031
814.2030849145785
920.7452048205804
-2568.595453451355
-7656.744953197363
2.595790249415586e-11
-467.65933748402466
-401.97113868404006
-7.16227077646181e-12
4.508393658397836e-12
-209.72388638776627
-227.0996986488044
5.002220859751105e-12
5.343281372915953e-12
-201.08376103777317
-262.75019163250977
-1.4921397450962104e-12
1.2164491636212915e-11
-231.11281486216694
-7.180267752114491
2.1930879853610605
10.965439926803262
0.9307754493482372
113.55460482048645
57.96018247024561
-63.59955157545884
-50.44802935467558
272.5943696269511
27.413599817011985
-1.4281908988778014e-12
3.058262190714469
549.6249175056253
-4.658495811327157e-12
-3.0127011996228248e-12
-77.96352454302912
1040.3919366450837
-3.19033688356285e-12
-5.7269744502264075e-12
-160.55191514996443
2466.3940914299037
1328.384722561344
407.44441785165566
152.51420577177922
-5550.076658290984
-4932.777042882315
-1438.1957709711908
-1099.5054985668785
-2309.146249134837
1762.45949452094
-1131.790049587939
283.7497450464104
-4301.662990554474
-102.239673222249
-2151.784828303076
-112.93028877077282
-7413.7655323943045
-723.5576390834985
-3893.087194792077
-366.78412502758533
-8461.383065645023
-5643.546415661603
-6639.834957582603
-4192.5327925851
12904.0857430931
13377.248089682842
11541.073306580241
11279.318801542293
2779.0660117627085
-4569.194384737852
2973.3051443430577
-4165.513263603934
5404.85051801716
137.3290809880029
5754.501477500999
55.73044385491073
8691.66980471283
879.8650009492135
9540.89307954276
926.7252042523155
-4411.932040544093
-4361.254516342313
2549.7970690403345
1075.3276971638102
3658.202665572353
4255.904499553661
-4818.247532443498
-5092.7486447589545
-1901.5373591429584
-2934.2520385951166
-2447.6428408043867
663.0465544048225
-1368.7132338883953
1.6257217794191092e-11
-3502.7270272853257
-196.78580802487113
-1913.864068717538
7.16227077646181e-12
-5400.3367556400635
-513.5317581716496
-8116.118298768752
-7656.744953197407
-247.17481860173893
-306.915068273503
7381.626561482611
8538.43205022502
276.9885461789592
200.5775530910304
-1720.3499118494376
-4611.810984599851
1.667643800828955e-11
-264.60634942666024
-386.348244788171
1.3869794202037156e-11
9.052314453583676e-12
-195.48807417385262
-318.48923178571346
5.172751116333529e-12
1.4992451724538114e-11
-222.72844777205592
-6.222898718499815
1.6053824936079764e-13
1.6187051699034782e-13
0.18615508986965318
-10.57411564905443
27.413599817009846
195.1848306970998
30.502841154355053
379.52268213901567
242.17957324053816
-510.9895005890419
-465.16611147190497
828.9542562528983
185.31593476297405
-4.774847184307873e-12
215.0655394327423
1249.9880976695858
-1.034905494634586e-11
-7.048583938740194e-12
-61.383013654712954
-10.57411564905452
195.1848306970998
27.413599817009825
30.50284115435505
7071.731666880153
1709.8253828722925
1709.8253828722925
268.15830649896543
-16085.209858258058
-14703.088450425596
-5088.016342417499
-4321.883539094456
-5067.041742823842
5562.444882696667
-2934.252038595107
1152.6586167477321
-8625.749139949756
260.9467976987672
-4611.810984599847
5.639513586749807
379.5226821390155
-510.9895005890419
242.17957324053808
-465.1661114719051
-16085.209858258057
-5088.016342417499
-14703.088450425596
-4321.883539094457
27915.713812655977
28206.814107818347
28206.814107818347
27278.872383714788
5353.486786104215
-10464.518693784157
5830.572345601853
-10900.602048349709
9955.19668891409
-317.6296871665653
10935.282228383425
-482.99931035769043
828.9542562528989
-4.774847184307873e-12
185.31593476297354
215.0655394327424
-5067.041742823842
-2934.2520385951066
5562.444882696669
1152.6586167477333
5353.486786104215
5830.572345601857
-10464.518693784154
-10900.602048349707
-3422.2717796362267
-4776.44594629814
-4776.445946298142
1922.683785762617
-2499.071862618107
3.660716174636036e-11
-6397.3220028351425
0.12761426489942096
1249.9880976695858
-5.8832938520936295e-12
-1.0029310715253814e-11
-61.38301365471305
-8625.749139949752
-4611.810984599846
260.94679769876825
5.639513586749756
9955.196688914088
10935.282228383425
-317.6296871665601
-482.999310357691
-2499.0718626181033
-6397.322002835146
3.2798652682686225e-11
0.12761426489635141
-644.6968906601621
2.5011104298755527e-11
2.0236257114447653e-11
-156.24988324328285
-2.0337760158548646
-3.322342401190781e-14
4.163336342344337e-15
0.07978075280128093
-63.22020259859141
-1.6697754290362354e-13
6.181721801112872e-13
7.703274909368149
-16.870498737257147
185.3159347629816
1081.1923767827989
261.32225873368634
989.8113467299706
799.8505180893701
-2081.2404981072673
-2049.821387314675
2069.7473769381404
685.3399954252312
-2.9672264645341784e-11
984.7461057881285
22.984454973701475
83.65064172733356
11.74868563586093
13.072646209010585
-56.93828377534828
272.0473429459425
148.0334390118466
64.80603213659786
21623.78645476359
5495.987671018993
6393.663204697607
1135.7354267595515
-43331.934548532496
-41939.51772289599
-15072.599676090615
-14167.68503748392
-10268.657706147616
15622.679162528635
-6661.50475553314
3675.9595551287557
-14.849043913635569
-218.9955002524594
-15.560481419937787
-199.35690491654148
714.9241903804377
-584.5101644792506
634.1442077150837
-548.4757906934094
-36851.14583241214
-11301.879560921781
-38011.62630210919
-11168.95548959031
62925.02776195081
64323.095338863124
68902.4134938958
68549.57926040833
10028.872184874886
-24301.2986841432
10900.530476521915
-27516.11305594092
128.89829707641445
3.808509063674137e-12
79.42111489841795
92.17094547118418
1530.196022168464
1.2789769243681803e-11
528.168689807678
278.6537542580788
-7926.63481247185
-4776.445946298145
12928.419816730997
2704.3984101647293
8423.948042507487
8861.532407420798
-23578.392471794403
-24833.405673250905
-6360.446184130653
-8377.09767499032
-9240.576226317391
5070.727960745899
155.6547194479042
3.069544618483633e-12
-1.4139800441625994e-12
-26.30700585201911
1905.6423175349546
1.290345608140342e-11
-2.0087043139938032e-11
6.9772514619646415
-12061.290218881873
-6397.32200283515
1408.0391679997688
429.1245632652174
14470.508057678966
15553.649472519914
-1783.8393637569866
-2153.8097015495287
-3947.9015751734587
-9622.17353577006
5.161382432561368e-11
670.9529123625443
-1.06719708292622
-4.6629367034256575e-15
3.8614944575243726e-15
0.04432264044515604
-21.475094167014554
-1.6431300764452317e-14
1.290079154614432e-13
3.7480836492803853
-302.6606526981831
-8.952838470577262e-13
1.0317080523236655e-11
67.7122867102809
-71.00005667466993
685.3399954252292
3616.4020878597184
1049.6999125303428
2156.0242096113907
2106.930957364296
-5932.303000400593
-6144.771460908509
15.492969373959497
46.472578737407225
6.527047575478382
7.262581227227931
104.48505020366596
129.7529588568196
72.6709609694524
31.04208075914938
-119.8601978079887
846.9153693396963
609.4254113165948
282.7007729373352
56946.723915530936
15537.654828327
18579.68476283392
3655.6829699552786
-101390.47242394355
-103286.24921028642
-36946.04103848674
-37383.465153419995
-25.82033647058364
-121.66416680692099
-20.459327309318468
-110.75383606474456
-108.70355334384826
-278.76901521276227
-85.4018987998808
-261.2827329158082
1334.858453367522
-1368.8396372963216
1525.791122905921
-1398.2351799761095
-82060.64393009763
-25463.29791823281
-91278.17716800011
-27894.723869491198
132904.87832053896
139381.87053954258
152765.0158323235
157508.88433112222
49.20203812413499
6.394884621840902e-13
44.12284161023379
51.20608081732341
311.49170634549
3.240074875066057e-12
259.2828113601426
133.4908796523514
2836.3231523836594
2.2794210963184014e-11
1317.961529663868
673.7037121093118
-13076.746417635699
-8377.097674990287
28762.980271517474
6152.197908019439
13682.169741584532
13958.55516261846
-49509.733345948945
-53498.900385331195
48.85329101021864
8.526512829121202e-14
-1.0258460747536446e-12
-14.615003251122472
297.62900974400713
3.0127011996228248e-12
-3.747224752714828e-12
4.327676138092304
2894.5204712169916
2.148681232938543e-11
-2.6545876607997343e-11
122.74100210809394
-18070.574764945963
-9622.17353577006
3717.498843101229
1263.4776539495556
21939.406285829362
23328.959203443344
-4761.347379014461
-5534.259954260862
7.712139437457523
8.981217463858531
-1.879789701737861
-1.1967112920192469
12.995398178519833
0.9398948508686096
-2.6645352591003757e-14
-2.792326348044875
29.35171886393792
1.0091927293842673e-13
-6.208367153703875e-13
-17.791107874685736
62.434137692202505
-4.583000645652646e-13
-2.8421709430404007e-13
-41.81651171827133
118.05287314341633
1.2079226507921703e-13
1.7905676941154525e-12
-75.35482056254314
349.0609401603755
529.4361237733032
-101.29977837142411
-115.54912364052238
367.32186802376424
91.37866605669346
1.0045297926808416e-12
49.508389377240114
512.9934639770074
4.316547119742609e-12
1.737276988933445e-12
-5.628975336534868
880.7614748733388
-6.59383658785373e-12
3.154809746774845e-12
-45.11411616739116
1491.6717486301764
-1.3642420526593924e-12
8.697043085703626e-12
-95.15226662804568
-24825.744407155267
-32578.88435278588
-5938.450292481039
-7956.819683828922
-3083.0363770848853
8108.44439678356
-1584.5060694231329
1413.791496926765
-4446.233424969172
1011.0135612512261
-2056.019986275695
255.00426780476192
-6543.797734808175
57.33358590305397
-3216.7901270987686
-42.05412712052228
-9940.255666766436
-611.4538168707511
-5133.653459065261
-294.5105146548767
57772.511002652085
75345.59279853589
52286.20814552467
67978.01867767898
2965.8411167772315
-21126.185262055318
3291.8250660264835
-19064.38317832767
6252.163191279169
-1589.9887893864181
6295.102412836091
-1761.7626580393899
8577.466774140252
-79.89106232392078
8945.81475780877
-172.92059739162505
12169.010296133143
774.3689243546787
13086.231959746412
800.3413572829318
15067.064465067828
16523.35998411069
-21692.592409043697
-30279.676246948686
-5414.116102493065
-11059.742710173992
-4610.967489220894
4574.90452976961
-2146.9332697795317
-4.1950443119276315e-11
-4503.506177938212
614.9561795731885
-2180.528788351305
1.77351466845721e-11
-5641.718842340422
-80.36376599476748
-2800.314815716971
-3.126388037344441e-12
-7721.497281790804
-463.35229264750456
0.08864528089013439
0.9398948508687917
4.699474254344561
0.398903764006419
10.143552856163748
5.7438018664215535
-27.25695067519847
-21.62058400914794
40.754034708743475
11.74868563586083
7.105427357601002e-14
1.3106837960216144
69.55047339325162
-9.032774528350274e-13
1.4921397450962104e-13
-33.412939089869994
125.05706060898297
-6.963318810448982e-13
2.7640112421067897e-12
-68.80796363569965
-46.44206852463397
91.3786660566935
66.94139993410651
38.51637454684124
407.1219874111513
349.441512888213
-158.00676770718093
-135.68933145880237
667.4816965428541
148.0334390118482
3.602451670303708e-12
73.22480109886668
970.261280921603
-9.922729304889799e-12
5.051958851254312e-12
-21.96672272500502
1574.361954781363
-3.879563337250147e-12
8.313350008393172e-12
-80.66463451329324
12542.679478004331
7932.99735795469
2709.2943770665115
1306.6112936684808
-19562.865344963626
-20441.686205962673
-5429.653879877344
-5339.827218585913
-4608.8510231226655
6589.161333678304
-2447.642840804385
1270.8308348363782
-7022.923881315702
704.3989743456954
-3502.7270272853198
171.60248959020478
-10417.189631820303
-307.3835917836104
-5400.336755640073
-186.59917098065353
-30265.026892143967
-21477.07933971307
-27378.939825072262
-19091.72063907776
39296.35920220084
43819.79964617958
37458.933075444766
40697.612724783656
5318.6331673142595
-14410.913701078889
5544.439725275386
-14009.08313254434
9073.826540060347
-977.595077664922
9476.674964689362
-1175.0970309602696
12712.247607835467
389.18292547134115
13671.829539480406
354.2382923047935
-10402.236918922295
-11059.74271017405
9867.799390130393
4923.73052894075
7595.288672183116
8895.31372074876
-15522.255012693506
-17563.55075597648
-4349.6026008623085
-6661.504755533149
-5361.3168784978625
3068.987587816603
-2575.220767468434
3.524291969370097e-11
-6143.204961659565
320.2829006113044
-3006.5819190276166
1.2562395568238571e-11
-8122.614023702006
-294.22379159713523
-2.0337760158548552
3.247402347028583e-15
-3.2671781946547185e-14
0.07978075280128112
22.98445497370155
11.748685635860875
83.65064172733369
13.072646209010573
-14.849043913635263
-15.560481419937954
-218.99550025245895
-199.3569049165414
128.89829707641456
79.42111489841834
3.325340003357269e-12
92.17094547118475
155.65471944790409
-1.7839063559677015e-12
2.8990143619012088e-12
-26.307005852019167
-63.22020259859144
6.075140390748857e-13
-1.5987211554602254e-13
7.703274909368147
-56.938283775348424
148.03343901184672
272.04734294594255
64.80603213659788
714.9241903804364
634.1442077150823
-584.5101644792505
-548.4757906934092
1530.1960221684656
528.1686898076771
1.233502189279534e-11
278.6537542580787
1905.6423175349548
-1.979572061827639e-11
1.1823431123048067e-11
6.977251461965264
-16.87049873725698
1081.1923767827993
185.3159347629817
261.32225873368634
21623.786454763587
6393.663204697608
5495.987671018994
1135.7354267595515
-36851.145832412156
-38011.62630210918
-11301.879560921781
-11168.955489590307
-7926.634812471846
12928.419816730988
-4776.445946298146
2704.3984101647284
-12061.29021888188
1408.0391679997674
-6397.322002835149
429.12456326521874
989.8113467299703
-2081.2404981072677
799.8505180893706
-2049.821387314675
-43331.934548532496
-15072.599676090613
-41939.51772289599
-14167.68503748392
62925.02776195081
68902.41349389582
64323.09533886312
68549.57926040833
8423.948042507487
-23578.39247179441
8861.532407420804
-24833.40567325091
14470.508057678977
-1783.839363756988
15553.649472519912
-2153.809701549527
2069.7473769381395
-3.129230208287481e-11
685.3399954252317
984.7461057881303
-10268.657706147611
-6661.5047555331375
15622.679162528637
3675.959555128755
10028.87218487489
10900.530476521917
-24301.2986841432
-27516.11305594093
-6360.446184130647
-9240.576226317387
-8377.097674990317
5070.727960745898
-3947.9015751734537
5.616129783447832e-11
-9622.173535770067
670.9529123625464
-0.6002551877429717
-2.3148150063434514e-14
-2.260691633892975e-14
0.03419175120054912
-19.960538032509483
-1.5054624213917123e-13
-1.3619105843076795e-12
3.301403532586388
137.9983860517211
79.42111489841984
463.3681614783699
111.99525374301825
-150.42112331774524
-134.6138291966576
-891.9602134745924
-878.494880277763
338.067029174211
293.71714089652085
5.9685589803848416e-12
422.0340453378067
-19.96053803250949
-1.2292389328649733e-12
-1.3855583347321954e-13
3.3014035325863933
-233.50510096825477
-3.232969447708456e-12
-3.289812866569264e-12
15.61212244632494
85.93623677420943
528.1686898076922
991.797933189099
267.1030055360079
1217.9880191242316
1210.4231718337435
-1786.3223804569307
-1785.2542773725263
3320.5686819049333
1536.9891630736063
1.9554136088117957e-11
864.5267396183145
137.9983860517209
463.36816147837067
79.42111489842031
111.99525374301822
85.93623677420965
991.7979331890986
528.1686898076914
267.10300553600797
44369.20198828651
12636.008085349447
12636.008085349446
2498.072245359646
-74841.43169417868
-77859.73557351086
-24641.707858635855
-25105.478496906435
-13862.072077495312
27037.16316564726
-9240.576226317426
6037.953357760885
-150.4211233177448
-891.960213474593
-134.61382919665857
-878.4948802777628
1217.9880191242355
-1786.3223804569302
1210.4231718337405
-1785.2542773725268
-74841.4316941787
-24641.707858635862
-77859.73557351084
-25105.47849690643
111487.68243978184
121143.11305540157
121143.11305540157
128741.16430373244
13919.36046259934
-42548.859149824
14590.276968453349
-47890.21833505918
338.06702917420967
5.115907697472721e-12
293.7171408965228
422.0340453378041
3320.56868190493
1.978150976356119e-11
1536.9891630736038
864.5267396183149
-13862.072077495315
-9240.576226317422
27037.16316564727
6037.953357760883
13919.360462599348
14590.276968453338
-42548.859149823984
-47890.21833505919
-10059.94066751875
-13898.695107223468
-13898.695107223477
9464.945393481683
-0.3066128979712521
-8.992806499463768e-15
-9.716186188946097e-15
0.018995417333638447
-5.701547571989025
-6.640521466039218e-14
-3.171907181354072e-13
1.606321563977327
-88.7497955361721
-6.519229600598919e-13
-3.389288849575678e-12
29.01955144726361
467.5805923240258
293.7171408965211
1549.8866090828262
449.8713910844709
-529.1390504755259
-476.73555491291654
-2542.415571600392
-2633.4734832466374
-10.383010238308394
-5.022648963404208e-13
-5.1514348342607263e-14
1.8341130736591098
-80.29436945717596
-1.1386447340555605e-12
-8.22453216642316e-13
7.469496965132806
-712.8475351986755
-7.787548383930698e-12
-5.9685589803848416e-12
66.20767254400911
507.8722827941892
1536.9891630736063
2812.6875576057737
849.2906614935996
1890.5784733010728
2230.9401143551027
-4480.26988856958
-4677.8151226816435
91.04193445301507
257.4267563768699
44.12284161023399
62.21958541278683
418.2775198175036
469.5961516012894
259.2828113601453
126.64834309437197
165.18832863918306
1877.6973950184763
1317.9615296638854
594.1055471720368
91763.71926910098
26640.38293937281
28244.61402043207
5756.19526229664
-147712.5701178497
-157035.24936181973
-50799.003252494294
-53772.259677727794
-140.4494590632005
-495.5334519303254
-122.04392230221913
-488.0527112654205
-518.2285510803365
-845.7819452460226
-449.2222692783922
-844.9277921082407
1736.8750543488568
-2951.3596585089176
2191.0789327306684
-3077.9720889638625
-135411.97046711147
-44022.61427598633
-149444.8873445927
-48274.03628399037
199764.2286004259
218499.4868222203
227051.43895263976
244204.40109003146
133.47277280149996
-5.030642569181509e-12
163.1761893869578
234.4633585209982
708.732279222412
3.183231456205249e-12
754.521952781592
409.9222484416614
5185.017790698259
2.864908310584724e-11
2886.862934575799
1436.094191828629
-20050.45475215444
-13898.695107223464
48598.57670697934
10802.32761948159
20155.916603265916
20486.13104500699
-75429.66853873593
-85450.0359479975
3.3443446881345453
4.044396024950994
-1.044327612076569
-0.6648396066773552
5.10113298214246
0.522163806038191
-6.461498003318411e-14
-1.5512924155804737
9.980998133283368
1.0724754417879012e-13
-5.142553050063725e-13
-9.88394881926981
19.59444453480532
-3.161915174132446e-13
-1.0516032489249483e-12
-23.23139539903959
35.394794298345296
1.0658141036401503e-13
-4.263256414560601e-13
-41.86378920141309
27.953018539771932
60.27450009449761
-49.42517771336777
-56.221254739206
77.31542215722018
44.858617882377516
1.8784973576657649e-13
24.445950870978617
86.35327346678946
6.661338147750939e-13
4.583000645652646e-13
-2.0541529180854665
136.252401678067
-1.0373923942097463e-12
7.958078640513122e-13
-20.64940012656215
220.40573665884972
-4.263256414560601e-14
2.0463630789890885e-12
-44.12558697443186
1099.1091183765182
2026.873386861785
-822.9754368561364
-1015.6843006542136
1341.6835200990054
712.7535952422454
4.67892391498026e-12
375.2717379872426
1196.8277086887902
1.837463514675619e-11
6.394884621840902e-12
77.3350728943125
1570.1775797924993
-1.3699263945454732e-11
7.673861546209082e-12
6.564895931558453
2249.023140850502
-5.4853899200679734e-12
1.1937117960769683e-11
-49.934258663753965
-83566.27963260034
-110596.74238196219
-22769.567308931677
-31253.983348081973
-7260.781332645971
27939.940933495156
-4610.967489220896
5428.92680360243
-9212.835613586552
3616.4020878596607
-4503.506177938199
1103.3125784127687
-11323.757961389565
1211.524462770108
-5641.7188423404095
355.7546507029371
-14983.702822149633
59.004510082425895
-7721.497281790806
-44.64653666375614
159392.8748325918
208758.06951037538
156715.61633553973
204638.76679164672
6366.002665095937
-58498.686931862045
6546.367636301856
-57986.28657713054
12457.014660243427
-5370.872476148168
12584.878754850608
-5855.683556640281
14781.385150238171
-1662.6739911871628
15358.404027003526
-1925.5835566264213
18579.16379806505
-75.71375187564809
19807.714348818594
-170.530055505792
0.36263978546036557
0.5221638060382527
2.6108190301913905
0.2216132022257861
1.8219483316494505
1.3006625714044457
-15.142750375110102
-12.011435560637626
15.110758552457828
6.527047575478388
-1.936228954946273e-13
0.7281576644562751
22.20652547837368
-3.503863865716994e-13
-4.547473508864641e-13
-18.56274393881655
37.7176908439652
-5.258016244624741e-13
3.197442310920451e-14
-38.226646464277835
25.002556449378158
44.85861788237741
32.3456743122252
18.74041824640207
14.448684867468792
15.878891796772253
-76.32136066803011
-65.32431922045143
130.67297382870436
72.67096096945225
1.0764722446765518e-12
35.891092747591
153.866766700894
-1.9273471707492718e-12
9.734435479913373e-13
-9.587236563060237
234.40848796964153
-7.780442956573097e-13
2.5437429940211587e-12
-37.238131225711506
35.05703895239614
712.7535952422396
455.1040976613979
338.5614335514085
1073.1999004737975
1139.8689826009168
-657.9110593286015
-663.5986347345881
1617.798072645607
609.4254113166008
1.1482370609883219e-11
334.0237870051362
1738.6718021616982
-1.7990942069445737e-11
1.021760454023024e-11
59.316400805537945
2376.98044718076
-1.007549599307822e-11
1.5063505998114124e-11
-23.902436391591493
41186.67353425297
27676.770375251923
10094.530948001564
5248.499562651842
-55251.67730541084
-61891.97953024355
-16372.49835471031
-17912.376755147685
-9126.498960654017
18918.046909146666
-5361.316878497839
3910.6377079841955
-12099.710062858181
2612.1766560871492
-6143.2049616595505
829.2595555595352
-15685.013803053598
626.017440115651
-8122.614023702003
157.18277457909494
-81127.7172094862
-58937.30452893455
-79993.0132712073
-58013.88133162885
97904.90735033396
113121.2028804105
98583.2488144754
112377.22821002518
10081.671432186293
-36141.49104614304
10231.799779319552
-37224.09136723578
15563.578763842337
-3584.6545284528393
16164.662919076041
-4065.599526283536
19383.38403651118
-801.9201855388692
20659.71332970205
-1002.9934323806774
-1.067197082926223
7.077671781985373e-15
-4.595282487862562e-15
0.04432264044515634
15.492969373959482
6.52704757547838
46.472578737407105
7.262581227227948
-25.820336470583502
-20.459327309318287
-121.66416680692063
-110.75383606474438
49.2020381241346
44.122841610233436
3.126388037344441e-13
51.20608081732365
48.85329101021923
1.2922996006636822e-13
-1.1013412404281553e-13
-14.615003251121909
-21.475094167014568
1.1590728377086634e-13
-2.0317081350640365e-14
3.7480836492803813
104.48505020366593
72.67096096945242
129.75295885681967
31.042080759149368
-108.70355334384831
-85.40189879988083
-278.76901521276216
-261.28273291580786
311.49170634548994
259.2828113601434
3.922195901395753e-12
133.4908796523512
297.62900974400776
-4.121147867408581e-12
3.33244543071487e-12
4.3276761380921265
-302.6606526981832
1.0391687510491465e-11
-7.94031507211912e-13
67.71228671028098
-119.86019780798922
609.4254113165949
846.9153693396968
282.7007729373353
1334.8584533675196
1525.7911229059193
-1368.8396372963216
-1398.23517997611
2836.323152383659
1317.9615296638683
2.376054908381775e-11
673.7037121093125
2894.5204712169916
-2.7341684472048655e-11
1.9326762412674725e-11
122.7410021080942
-71.0000566746703
3616.402087859718
685.3399954252293
1049.6999125303428
56946.723915530936
18579.684762833916
15537.654828327002
3655.682969955279
-82060.64393009765
-91278.17716800014
-25463.2979182328
-27894.723869491194
-13076.746417635703
28762.98027151747
-8377.09767499029
6152.197908019439
-18070.57476494596
3717.498843101228
-9622.173535770055
1263.4776539495556
2156.0242096113893
-5932.303000400587
2106.9309573642995
-6144.771460908511
-101390.47242394355
-36946.04103848674
-103286.24921028642
-37383.465153419995
132904.87832053893
152765.01583232352
139381.87053954252
157508.88433112222
13682.16974158452
-49509.733345948945
13958.555162618439
-53498.9003853312
21939.40628582937
-4761.347379014458
23328.959203443344
-5534.259954260862
-0.3066128979712537
-8.810660534486203e-15
-8.305856002976952e-15
0.018995417333638697
-10.383010238308394
-4.10400879946593e-14
-5.387357226993572e-13
1.8341130736591107
91.0419344530149
44.12284161023411
257.42675637686955
62.2195854127868
-140.44945906320024
-122.04392230221984
-495.5334519303253
-488.0527112654203
133.47277280149953
163.17618938695847
-4.263256414560601e-13
234.46335852100012
-5.701547571989045
-3.12194714524594e-13
-4.707345624410664e-14
1.6063215639773185
-80.29436945717592
-8.368306048112117e-13
-1.1510792319313623e-12
7.469496965132787
418.2775198175039
259.2828113601456
469.5961516012899
126.64834309437197
-518.2285510803373
-449.2222692783922
-845.7819452460226
-844.9277921082416
708.7322792224165
754.5219527815931
4.689582056016661e-12
409.92224844166117
-88.74979553617197
-3.169020601490047e-12
-6.679101716144942e-13
29.01955144726347
-712.847535198675
-6.0111915445304476e-12
-7.759126674500294e-12
66.20767254400909
165.18832863918115
1317.961529663885
1877.6973950184758
594.1055471720366
1736.8750543488532
2191.0789327306684
-2951.359658508917
-3077.972088963863
5185.017790698263
2886.8629345757963
2.7625901566352695e-11
1436.0941918286276
467.58059232402775
1549.8866090828262
293.7171408965234
449.87139108447036
507.8722827941874
2812.6875576057737
1536.9891630736065
849.290661493599
91763.71926910098
28244.614020432073
26640.38293937281
5756.195262296641
-135411.97046711147
-149444.88734459272
-44022.61427598633
-48274.03628399036
-20050.454752154452
48598.57670697934
-13898.695107223464
10802.327619481592
-529.1390504481315
-2542.4155716003934
-476.7355549129152
-2633.473483246639
1890.5784733010732
-4480.269888569582
2230.9401143551113
-4677.815122681646
-147712.57011784968
-50799.00325249431
-157035.2493618198
-53772.25967772778
199764.22860042594
227051.43895263976
218499.48682222032
244204.40109003146
20155.916603265912
-75429.66853873592
20486.131045006987
-85450.0359479975
-0.15541705091158733
-2.321060010856968e-15
-5.149526638437152e-15
0.010553009629798764
-2.8208574460952205
-1.2583684094735759e-14
-1.0808021144725899e-13
0.8924008688762927
-45.250626357692624
-2.2026824808563106e-13
-7.389644451905042e-13
16.12197302625755
309.0648749558776
163.17618938695907
861.0481161571174
249.9285506024795
-437.81325405236885
-401.43004019484533
-1412.4530953335411
-1463.0408240258992
-2.8208574460952263
-1.2456702336294256e-13
-1.3100631690576847e-14
0.8924008688762863
-22.56167229155544
-2.9176661087149114e-13
-2.899902540320909e-13
3.5721885267896667
-243.86648829676494
-2.1600499167107046e-12
-1.3784529073745944e-12
31.342564995100776
1216.6490706263048
754.5219527815948
1326.6663289451235
400.8097615249656
-1510.8053884426286
-1368.1107988648912
-2113.215910811633
-2206.0189230172537
-45.25062635769263
-8.526512829121202e-13
-1.758593271006248e-13
16.121973026257564
-243.86648829676534
-1.4246381851990009e-12
-2.1298518504409003e-12
31.342564995100773
-1524.4940268585692
-8.44124770082999e-12
-8.313350008393172e-12
139.93197722625632
926.9481459390994
2886.8629345757863
4070.8467254976913
1326.8957563031945
2096.7949676772005
3168.8587760498467
-6045.178018388591
-6461.509866653989
309.0648749558786
861.048116157118
163.17618938695833
249.92855060248
1216.6490706263041
1326.6663289451244
754.5219527815943
400.80976152496544
926.9481459390954
4070.846725497692
2886.8629345757868
1326.8957563031947
156578.71439703926
47890.04058863201
47890.04058863199
10258.825253664278
-229356.4706006752
-254212.7762471162
-77215.17955697118
-85835.6549531664
-437.81325406279757
-1412.453095333543
-401.43004019484397
-1463.0408240258994
-1510.8053884426272
-2113.2159108116307
-1368.1107988648905
-2206.018923017251
2096.7949676772114
-6045.178018388584
3168.858776049852
-6461.509866653986
-229356.47060067518
-77215.17955697118
-254212.7762471162
-85835.6549531664
313001.199828162
354908.4878713119
354908.4878713119
396530.2569045517
